;32;45;68;71;72;81;176;206;223;246;247;262;274;287;312;318;325;335;340;347;385;386;404;456;500;520;537;554;560;561;609;612;617;627;637;674;680;686;699;700;753;776;778;783;811;815;833;858;859;884;894;896;897;898;904
0;0.000267000000645146;0.0010000000052590532;0.0008140000020652855;0.0002310000025741201;0.00043800000487968153;0.00010300000053072477;0.000804000013450829;-0.00018500000289923467;0.00044300000725419267;0.00016200000265835583;0.0004520000074881689;0.00026600000424693187;0.0001730000033177155;0.0003930000074294134;0.0003540000068123871;0.0002780000054562784;0.0005600000109710372;-1.3000000367242262e-05;-0.0001270000031357934;0.0008050000233534718;0.0006370000158928372;0.00046300001341786684;0.0006730000210384638;0.00023700000640291651;0.00028100001044812864;0.0004610000136156141;0.00043600001231440733;0.0002950000083516816;0.0003530000136528098;0.00032400001203007986;0.0003210000123976384;-0.00020300000590072815;0.0005160000200582936;0.0003270000115306464;-0.0007210000256340966;0.0007040000282580772;0.00021600000859730908;0.0005710000176185787;0.0007500000241518084;0.00018300000566650958;0.00032700001041837426;0.0003910000125057888;0.0004280000137836103;0.00023000000680373486;-5.300000167616763e-05;-6.200000184258426e-05;-4.500000142958706e-05;-4.600000135607435e-05;-5.400000159991291e-05;-5.2000001597242206e-05;-5.300000163474244e-05;-5.200000164391679e-05;-4.700000145124785e-05;-4.800000146884808e-05;-5.5000001706828535e-05
1;0.00018200000019347477;0.00030100000063636043;0.0004040000004049361;0.00023100000109370057;0.00034500000163721774;0.0002860000005956082;0.0003330000022956605;-4.700000031736832e-05;3.00000000722734e-06;0.0001620000011359112;0.0004030000028699996;0.000338000002347999;0.00014300000120337549;0.00039300000320503537;0.00035400000295917185;0.00017300000144597488;0.0004090000034207175;0.00015800000202326528;4.400000048547226e-05;0.0002470000030207544;0.00042700000458365905;0.00040700000504509637;0.00027500000367218903;8.000000092790083e-05;0.0003350000057104902;0.0003920000050350576;0.0003870000048406239;0.000443000005603581;0.00020400000356184857;0.0003240000054882727;0.00032100000561105144;-5.300000067787996e-05;0.00016600000284765378;0.0003350000053320184;-0.0002860000047211534;0.0004190000075735395;0.00026800000483606016;0.0002720000035749486;0.0004640000064007444;0.0003540000048410142;0.0003270000045714349;0.0003060000042054552;0.0004280000060705042;0.0003310000042898864;-5.300000072857013e-05;-0.00025900000317096453;-4.5000000628820085e-05;-4.60000005564607e-05;-0.00025600000312388086;-5.200000069820293e-05;-5.300000070543177e-05;-5.2000000712437145e-05;-4.700000063010808e-05;-4.8000000646944725e-05;-5.50000007477685e-05
2;0.0001820000001927415;0.0003010000006543433;0.0004040000004278999;0.0002310000011150416;0.00034500000167619346;0.0002860000006196977;0.0003330000023486331;-4.7000000320202026e-05;3.0000000304502746e-06;0.00016200000116749883;0.00040300000292680754;0.0003380000023937616;0.00014300000121240968;0.0003930000032628474;0.000354000003012213;0.00017300000147031452;0.00040900000348473146;0.00015800000204925363;4.4000000482207975e-05;0.0002470000031050077;0.0004270000046870285;0.0004070000051528999;0.00027500000373015086;8.000000094179454e-05;0.00033500000577958326;0.0003920000051492803;0.0003870000049395309;0.0004430000057208171;0.00020400000362570198;0.00032400000557796383;0.00032100000569283276;-5.300000068129972e-05;0.0001660000029158631;0.00033500000542330727;-0.00028600000480171053;0.00041900000768532194;0.0002680000049136355;0.00027200000365406734;0.0004640000065387031;0.0003540000049452501;0.0003270000046501159;0.0003060000043069606;0.00042800000618886826;0.0003310000044038802;-5.300000075093807e-05;-0.00019900000252574522;-4.5000000632724365e-05;-4.600000057981019e-05;-0.00025600000321090034;-5.2000000716907995e-05;-5.300000073739511e-05;-5.2000000728344356e-05;-4.7000000639684144e-05;-4.8000000637175196e-05;-5.500000074667358e-05
3;0.00018200000015574988;0.000301000000618966;0.0004040000004017891;0.00023100000108030073;0.00034500000162612684;0.0002860000006077104;0.0003330000022777274;-4.700000031855598e-05;3.0000000311028623e-06;0.00016200000114071934;0.0004030000028533416;0.0003380000023346685;0.00014300000116400493;0.0003930000032000382;0.00035400000293403256;0.00017300000142846502;0.00040900000342997654;0.00015800000200748401;4.4000000476444526e-05;0.00024700000302756045;0.00042700000457162414;0.00040700000501818105;0.00027500000365211275;8.000000091551618e-05;0.0003350000056719086;0.0003920000049986757;0.0003870000048065173;0.0004430000055648506;0.0002040000035315407;0.00032400000546710416;0.0003210000055752329;-5.300000064852329e-05;0.0001660000028653752;0.0003350000052776024;-0.00028600000469918425;0.0004190000075452085;0.00026800000479171564;0.0002720000035363753;0.00046400000634390734;0.00035400000477213417;0.0003270000044836256;0.0003060000041549177;0.0004280000059421442;0.0003310000042446529;-5.3000000723544794e-05;-0.0001590000019751114;-4.500000061723051e-05;-4.600000058251939e-05;-0.00025600000312258107;-5.2000000672167403e-05;-5.300000071551873e-05;-5.200000069210067e-05;-4.7000000615052846e-05;-4.800000062387626e-05;-0.00017400000224015267
4;0.0001820000001683313;0.0003010000006041498;0.0004040000003728306;0.00023100000103326183;0.000345000001550076;0.0002860000005712318;0.0003330000021657471;-4.7000000298033764e-05;3.0000000145967063e-06;0.00016200000107640186;0.0004030000027134924;0.00033800000221586717;0.0001430000011227266;0.0003930000030406484;0.00035400000280442416;0.0001730000013756342;0.0004090000032649085;0.00015800000191472382;4.400000044615631e-05;0.00024700000283424454;0.00042700000433060643;0.0004070000047603134;0.00027500000348957784;8.00000008690336e-05;0.0003350000054144476;0.00039200000469931536;0.0003870000045370845;0.00044300000525362504;0.0002040000033684912;0.00032400000520107266;0.00032100000532354943;-5.300000062195805e-05;0.00016600000271921724;0.0003350000050333644;-0.0002860000044754348;0.00041900000725174705;0.00026800000458688486;0.0002720000033229626;0.00046400000593426713;0.0003540000044675785;0.0003270000041691046;0.00030600000390217384;0.00042800000553688475;0.00033100000399914636;-5.300000068817092e-05;-0.0003520000040210004;-4.500000056866854e-05;-4.6000000516234035e-05;-5.400000060847254e-05;-5.2000000628553365e-05;-5.3000000645209405e-05;-5.2000000637549465e-05;-4.7000000566989134e-05;-0.00021900000260667883;-0.00017400000210194132
5;0.00018200000015833142;0.0003010000005553617;0.00040400000035406347;0.00023100000095006688;0.0003450000014185581;0.00028600000051866894;0.0003330000019643907;-4.7000000278910064e-05;3.000000018243197e-06;0.00016200000098324805;0.0004030000024626196;0.00033800000200984913;0.00014300000100201925;0.00039300000274044775;0.00035400000253019923;0.0001730000012307896;0.000409000002914436;0.00015800000171318457;4.400000038655563e-05;0.0002470000025776663;0.00042700000390120106;0.00040700000430929167;0.0002750000031655789;8.000000077561921e-05;0.0003350000049228895;0.0003920000041592699;0.00038700000407509706;0.0004430000047216472;0.00020400000306254812;0.00032400000474950934;0.0003210000048543834;-5.300000056590135e-05;0.00016600000247663163;0.0003350000046017065;-0.00028600000407295726;0.0004190000065430619;0.00026800000418587296;0.0002720000029419778;0.0004640000052432377;0.00035400000392050735;0.0003270000035798444;0.00030600000342614176;0.0004280000047902389;0.0003310000035585752;-0.00021700000232883514;-0.00034300000340382436;-4.500000050343846e-05;-4.600000047591262e-05;-0.0001530000015380564;-5.200000054163205e-05;-5.3000000565013125e-05;-0.0002290000023888822;-4.7000000478977085e-05;-0.00021900000227552453;-5.500000056462075e-05
6;0.00018200000012775754;0.00030100000041453245;0.0004040000002680531;0.00023100000073549392;0.00034500000110282685;0.00028600000041321787;0.0003330000015593545;-4.700000022219631e-05;3.0000000196386318e-06;0.00016200000077251457;0.00040300000194035747;0.0003380000015824496;0.00014300000079725214;0.0003930000021750536;0.00035400000197514784;0.00017300000096463463;0.0004090000022804765;0.00015800000135089343;4.4000000301170254e-05;0.0002470000020095795;0.0004270000030401531;0.0004070000033364234;0.00027500000245685955;8.000000059656608e-05;0.0003350000039390166;0.0003920000031057732;0.00038700000311865857;0.0004430000036108704;0.00020400000249541932;0.0003240000037706889;0.000321000003901307;-5.300000041160066e-05;0.00016600000196829106;0.00033500000367501435;-0.0002860000032515704;0.0004190000052381298;0.00026800000337033744;0.0002720000021662302;0.000464000003811383;0.00035400000281892075;0.0003270000024774113;0.0003060000025069787;0.00042800000320601417;0.0003310000026554804;-0.00021700000161384495;-0.00048600000341869035;-0.000233000001703652;-4.600000033951126e-05;-0.0001530000010975314;-0.0003100000020423047;-5.300000039348575e-05;-0.0003890000026429847;-4.7000000314383275e-05;-0.00021900000161395223;-5.50000003759291e-05
7;0.00018200000015008018;0.0003010000005377848;0.00040400000034798044;0.0002310000009334145;0.00034500000141922014;0.00028600000052616463;0.0003330000019740674;-4.7000000281151056e-05;3.0000000253503935e-06;0.00016200000098870248;0.0004030000024704509;0.0003380000020106185;0.00014300000102167806;0.00039300000274063656;0.000354000002523247;0.00017300000124014178;0.00040900000294013156;0.00015800000172022056;4.400000040693304e-05;0.0002470000025861027;0.0004270000038820606;0.00040700000430047607;0.00027500000313283055;8.000000076859387e-05;0.0003350000049358579;0.00039200000416889644;0.0003870000040699741;0.00044300000472272534;0.00020400000306854504;0.0003240000047657232;0.0003210000048618249;-5.300000054967246e-05;0.0001660000024865127;0.00033500000459957936;-0.0002860000040748759;0.0004190000065701333;0.00026800000419494773;0.0002720000029288761;0.0004640000052178459;0.0003540000039069654;0.0003270000035388874;0.00030600000343207587;0.0004280000046339078;0.0003310000035590527;-0.0002170000023018455;-0.0003420000034278021;-0.00023300000246629336;-4.6000000457998135e-05;-5.400000054577179e-05;-0.00031000000302956434;-5.3000000559026384e-05;-5.2000000535639706e-05;-4.7000000464256804e-05;-4.8000000506428004e-05;-5.500000056927257e-05
8;0.00018200000019387853;0.0003010000006531871;0.0004040000004332769;0.00023100000115136088;0.00034500000172681247;0.0002860000006333928;0.00033300000243413597;-4.700000033756257e-05;3.000000022915751e-06;0.00016200000120022637;0.0004030000030151215;0.000338000002467902;0.0001430000012704173;0.0003930000034039561;0.0003540000030983227;0.00017300000153728452;0.0004090000035985455;0.00015800000213658064;4.400000049568859e-05;0.00024700000320320315;0.00042700000483185624;0.00040700000534443705;0.0002750000038779068;8.000000098494526e-05;0.00033500000594692726;0.00039200000535967845;0.0003870000051174347;0.00044300000592176946;0.00020400000373919079;0.0003240000057577924;0.00032100000589028224;-5.300000070772736e-05;0.00016600000300024412;0.00033500000560585656;-0.0002860000049423523;0.00041900000798557866;0.00026800000505469707;0.0002720000038135963;0.0004640000068342925;0.00035400000514175224;0.00032700000487138566;0.00030600000448421883;0.0004280000064591103;0.000331000004553287;-5.300000076083236e-05;-0.0002890000038132974;-4.5000000674555887e-05;-4.600000062331241e-05;-5.4000000718538555e-05;-5.2000000748288215e-05;-5.300000075670593e-05;-5.200000075923403e-05;-4.700000067146187e-05;-4.8000000696226776e-05;-5.5000000778636096e-05
9;0.00018200000013910905;0.00030100000047889627;0.0004040000003235055;0.00023100000082300142;0.00034500000125171237;0.0002860000004572394;0.000333000001721954;-4.7000000246892835e-05;3.0000000091716622e-06;0.0001620000008742935;0.0004030000021878353;0.00033800000177604917;0.00014300000088028852;0.00039300000242992894;0.0003540000022369865;0.00017300000109418502;0.00040900000260154953;0.0001580000015049412;4.400000036875757e-05;0.0002470000022526725;0.0004270000034224932;0.00040700000377756645;0.0002750000027548718;8.00000006736738e-05;0.0003350000044067415;0.00039200000358103357;0.00038700000354172353;0.0004430000041150523;0.00020400000275118017;0.00032400000422302814;0.0003210000043284905;-5.3000000473263255e-05;0.00016600000221158052;0.0003350000040901618;-0.0002860000036261506;0.00041900000586702664;0.0002680000037369659;0.00027200000249034094;0.0004640000044641278;0.000354000003342219;0.00032700000307402474;0.00030600000291242666;0.0004280000040026497;0.0003310000030586824;-5.300000048121173e-05;-0.0005120000041351705;-0.0001520000013940256;-0.00015400000127001423;-0.00025600000209596244;-5.200000045059902e-05;-0.00015200000137172238;-5.2000000432370635e-05;-4.700000039916184e-05;-4.800000042609754e-05;-0.00037900000320824557
10;0.00018200000013036038;0.0003010000004783771;0.0004040000003187306;0.00023100000079073635;0.0003450000011935782;0.00028600000043190745;0.00033300000169022594;-4.7000000235672366e-05;3.0000000342413277e-06;0.00016200000083601472;0.0004030000021121307;0.0003380000017195398;0.00014300000086368738;0.0003930000023676019;0.0003540000021620221;0.00017300000106787816;0.00040900000253721005;0.00015800000146122436;4.400000034498155e-05;0.0002470000021925476;0.0004270000032859982;0.00040700000366726053;0.00027500000268885203;8.000000066663251e-05;0.000335000004276463;0.0003920000034649407;0.0003870000034373175;0.00044300000397870645;0.00020400000266372772;0.0003240000041139831;0.00032100000422815173;-5.300000046355802e-05;0.0001660000021694546;0.0003350000039909011;-0.0002860000035325845;0.0004190000057061622;0.0002680000036450589;0.0002720000024115826;0.0004640000042965698;0.0003540000031975381;0.00032700000291504763;0.0003060000028263592;0.0004280000037623241;0.00033100000293783966;-5.30000004660309e-05;-0.00041200000325031103;-0.00015200000131470543;-0.0001540000012392829;-0.0002560000020385822;-5.200000042088184e-05;-0.0001520000012907038;-5.200000042160135e-05;-0.00023300000181969278;-4.8000000416438735e-05;-0.0003790000029819863
11;0.0001820000001615208;0.0003010000006536544;0.00040400000041202437;0.00023100000110644976;0.00034500000165959746;0.00028600000060234664;0.00033300000231837527;-4.700000032161739e-05;3.00000001688933e-06;0.00016200000115286899;0.00040300000289549025;0.0003380000023628145;0.00014300000119120236;0.0003930000032688665;0.0003540000030004659;0.00017300000145948559;0.00040900000345975686;0.0001580000020138522;4.4000000479216377e-05;0.0002470000030831022;0.0004270000046505894;0.0004070000051066402;0.0002750000037111625;8.000000093109268e-05;0.00033500000572213697;0.0003920000050729534;0.00038700000488593516;0.00044300000565133924;0.00020400000357147306;0.0003240000055455759;0.00032100000565454107;-5.300000068550981e-05;0.00016600000291452701;0.00033500000536224614;-0.00028600000475312743;0.0004190000076568342;0.0002680000048700282;0.00027200000361589995;0.00046400000645742005;0.00035400000485313546;0.0003270000045351584;0.0003060000042583856;0.0004280000060066736;0.0003310000043454999;-5.300000072674391e-05;-0.00024100000302613265;-4.5000000616671105e-05;-4.600000057765269e-05;-5.400000069094336e-05;-5.20000006809911e-05;-5.30000007101405e-05;-5.20000007091071e-05;-0.0002330000029815634;-4.80000006317315e-05;-5.500000072797944e-05
12;0.00018200000015759188;0.00030100000062746596;0.00040400000039941353;0.0002310000010721684;0.00034500000160736066;0.0002860000006049053;0.00033300000225065416;-4.700000031298678e-05;3.0000000342568276e-06;0.00016200000112402574;0.00040300000280654274;0.00033800000230232096;0.00014300000115334232;0.00039300000315198807;0.0003540000028912724;0.00017300000140891035;0.00040900000338784753;0.0001580000019619457;4.4000000452810714e-05;0.0002470000029699197;0.0004270000044655287;0.00040700000494402205;0.0002750000036015331;8.00000009253797e-05;0.0003350000055597786;0.00039200000487590994;0.00038700000471757965;0.0004430000054606426;0.00020400000350386243;0.00032400000538196155;0.00032100000549412295;-5.300000067280488e-05;0.00016600000280117566;0.000335000005224458;-0.00028600000462306166;0.00041900000738521727;0.0002680000047286189;0.00027200000347417293;0.0004640000062115279;0.00035400000466576147;0.0003270000043489004;0.00030600000408308577;0.00042800000581058654;0.00033100000417439073;-0.00021700000282460916;-0.0003660000043848608;-4.500000063209424e-05;-4.600000054688829e-05;-5.4000000651020895e-05;-5.200000066494171e-05;-5.300000066725712e-05;-5.200000068392879e-05;-4.7000000610752236e-05;-4.8000000603433334e-05;-5.500000069686482e-05
13;0.0001820000001606235;0.0003010000005744029;0.000404000000372304;0.00023100000096154872;0.00034500000146611573;0.0002860000005377797;0.000333000002023742;-4.7000000284626974e-05;3.000000020034091e-06;0.00016200000102200405;0.0004030000025451599;0.00033800000207779353;0.00014300000106228002;0.0003930000028511746;0.00035400000261646785;0.00017300000128177048;0.00040900000299312205;0.00015800000176883434;4.4000000425522484e-05;0.00024700000265865497;0.00042700000401994624;0.00040700000444633607;0.0002750000032539444;8.00000008099488e-05;0.0003350000050604435;0.0003920000043222262;0.0003870000042233161;0.00044300000488356066;0.00020400000317052227;0.00032400000489132114;0.00032100000500006053;-5.3000000573855404e-05;0.00016600000254221326;0.00033500000472775254;-0.0002860000042022862;0.0004190000067356253;0.0002680000043192446;0.0002720000030545701;0.0004640000054219472;0.0003540000040648559;0.0003270000036963858;0.00030600000357390084;0.00042800000482562676;0.00033100000369553587;-0.00021700000238485755;-0.000173000001822423;-0.00023300000256859982;-4.6000000482094026e-05;-5.400000058097849e-05;-0.00020600000214483538;-5.300000057549884e-05;-5.2000000558242854e-05;-4.7000000504489826e-05;-0.0002190000023572538;-5.500000058654417e-05
14;0.00018200000015989928;0.0003010000005808428;0.0004040000003684029;0.00023100000101683666;0.0003450000015095055;0.0002860000005634657;0.00033300000211737156;-4.7000000294418025e-05;3.0000000175629834e-06;0.00016200000105553249;0.0004030000026391724;0.0003380000021643404;0.00014300000107964826;0.0003930000029597506;0.00035400000270290754;0.0001730000013335858;0.00040900000316025745;0.0001580000018594919;4.400000041919899e-05;0.00024700000278178645;0.0004270000042162323;0.00040700000464086584;0.0002750000033820001;8.00000008522273e-05;0.00033500000525599254;0.0003920000045412951;0.0003870000044236298;0.0004430000051140906;0.00020400000328939783;0.0003240000050826833;0.0003210000052033371;-5.300000059949514e-05;0.00016600000264002996;0.0003350000049300679;-0.00028600000436625016;0.0004190000070522585;0.00026800000446084354;0.00027200000321070476;0.00046400000572993666;0.0003540000042752037;0.00032700000391749294;0.0003060000037504946;0.00042800000505559016;0.0003310000038884424;-5.300000063143504e-05;-4.9000000536251536e-05;-0.00023300000270402716;-4.600000052861652e-05;-5.4000000611307125e-05;-0.00020600000223709223;-5.300000059829435e-05;-0.00021200000234754553;-4.700000050860652e-05;-0.00021900000247874975;-5.500000059438432e-05
15;0.00018200000017925684;0.00030100000067457297;0.000404000000427559;0.0002310000011318052;0.0003450000017093678;0.00028600000061965197;0.0003330000023810658;-4.700000033115414e-05;3.000000026452132e-06;0.00016200000119815904;0.00040300000299106777;0.0003380000024411323;0.0001430000012282046;0.0003930000033328166;0.00035400000306373426;0.00017300000149017005;0.0004090000035681194;0.0001580000020971837;4.400000049468908e-05;0.00024700000315268567;0.0004270000047934329;0.0004070000052601427;0.0002750000038230979;8.000000097121499e-05;0.0003350000058927448;0.0003920000052547399;0.00038700000503676595;0.0004430000058364084;0.0002040000036916925;0.00032400000568982243;0.00032100000580362206;-5.300000070327777e-05;0.0001660000029749391;0.00033500000552437887;-0.0002860000048984544;0.000419000007820016;0.00026800000498484994;0.00027200000374715444;0.0004640000067033028;0.0003540000050366619;0.0003270000047205947;0.00030600000441602246;0.00042800000623400647;0.0003310000044706168;-5.3000000753929146e-05;-4.9000000686860174e-05;-4.5000000651471643e-05;-0.00015400000204840035;-5.40000007164032e-05;-5.200000070576147e-05;-5.300000074154201e-05;-0.00022900000313419043;-4.700000063835995e-05;-4.800000065812125e-05;-5.500000074047537e-05
16;0.00018200000017502526;0.0003010000006075002;0.0004040000003845957;0.00023100000104399733;0.00034500000157037706;0.00028600000058675565;0.000333000002179056;-4.7000000304725846e-05;3.0000000225457026e-06;0.00016200000109291431;0.00040300000274323157;0.0003380000022398204;0.00014300000114612012;0.0003930000030714764;0.0003540000028265278;0.000173000001386643;0.0004090000033122103;0.00015800000191761504;4.4000000438116346e-05;0.0002470000028855248;0.00042700000439392633;0.00040700000480873254;0.0002750000034942348;8.00000008798806e-05;0.00033500000542448655;0.0003920000047434299;0.00038700000458915856;0.00044300000530659786;0.00020400000340138245;0.00032400000525450393;0.00032100000536403137;-5.300000063209898e-05;0.0001660000027271089;0.0003350000050958319;-0.00028600000451003906;0.00041900000721114297;0.00026800000462421264;0.0002720000033633146;0.00046400000601311026;0.00035400000451938095;0.00032700000421064673;0.00030600000395349943;0.0004280000055337293;0.0003310000040506095;-5.30000006715694e-05;-0.00020900000242608273;-4.5000000590883776e-05;-0.00015400000181444207;-5.4000000627478244e-05;-5.2000000626022316e-05;-5.300000065869973e-05;-0.00022900000275172727;-4.700000055296083e-05;-4.800000058095385e-05;-0.0001740000020720043
17;0.00018200000017821533;0.0003010000006159297;0.00040400000040478586;0.00023100000106787472;0.00034500000160157964;0.0002860000005826902;0.00033300000224473556;-4.700000031746432e-05;3.0000000317451276e-06;0.00016200000113209808;0.0004030000028068062;0.0003380000022938583;0.00014300000118325096;0.000393000003145939;0.0003540000028811965;0.00017300000141301768;0.0004090000033407426;0.00015800000196506528;4.400000045519838e-05;0.00024700000296302033;0.00042700000448241766;0.0004070000049324982;0.000275000003583841;8.000000090417929e-05;0.00033500000554672157;0.00039200000488837246;0.00038700000470100784;0.00044300000545300614;0.00020400000346881627;0.00032400000535806573;0.00032100000548967913;-5.300000065236192e-05;0.00016600000280390142;0.00033500000521228537;-0.00028600000461369453;0.0004190000074012202;0.0002680000047136643;0.00027200000346681586;0.0004640000061738296;0.0003540000046426434;0.00032700000434032615;0.0003060000040540365;0.0004280000056761768;0.00033100000416867866;-5.3000000696000936e-05;-0.00020900000250947409;-0.00015200000197593467;-4.6000000548559245e-05;-5.400000065532708e-05;-5.200000064181561e-05;-0.00015200000190742277;-5.200000065223844e-05;-4.700000058856073e-05;-4.8000000619232606e-05;-0.0001740000021668851
18;0.0001820000001803082;0.0003010000006512002;0.000404000000433908;0.0002310000011426094;0.00034500000170221545;0.0002860000006124034;0.0003330000023657296;-4.7000000329597146e-05;3.0000000287374156e-06;0.00016200000119079015;0.00040300000297298263;0.0003380000024296037;0.0001430000012300673;0.00039300000334521;0.0003540000030654161;0.00017300000149508772;0.00040900000355671717;0.00015800000211886722;4.4000000488669915e-05;0.0002470000031362583;0.0004270000047683961;0.000407000005252613;0.0002750000038294591;8.000000097190223e-05;0.0003350000058890424;0.0003920000052576138;0.00038700000503969417;0.0004430000058341658;0.00020400000367325156;0.00032400000568168967;0.000321000005814644;-5.3000000702245764e-05;0.00016600000297519512;0.00033500000551328423;-0.00028600000488659494;0.000419000007824909;0.0002680000049908027;0.00027200000374486704;0.00046400000669256247;0.00035400000502018336;0.00032700000468627544;0.0003060000043726934;0.00042800000619324177;0.0003310000044724976;-5.300000074299552e-05;-4.900000065891499e-05;-4.500000064554261e-05;-4.60000006069334e-05;-5.400000073005641e-05;-5.2000000701266644e-05;-0.000152000002082799;-5.200000072104109e-05;-0.00023300000307244703;-4.800000065871984e-05;-5.500000074375615e-05
19;0.0001820000001901418;0.00030100000061713536;0.00040400000039865854;0.00023100000106667936;0.0003450000015948739;0.00028600000058322093;0.000333000002234624;-4.7000000310781807e-05;3.000000021193237e-06;0.0001620000011234827;0.0004030000027974751;0.0003380000022835881;0.00014300000115314456;0.0003930000031310022;0.0003540000028911138;0.0001730000014202406;0.00040900000337253166;0.00015800000195970949;4.4000000458781104e-05;0.000247000002944023;0.00042700000444112897;0.0004070000049178766;0.00027500000357183674;8.00000009057448e-05;0.00033500000554638677;0.0003920000048533271;0.0003870000046840481;0.0004430000054168855;0.00020400000348046993;0.0003240000053358323;0.0003210000054591655;-5.3000000657522696e-05;0.00016600000278970192;0.0003350000052211035;-0.0002860000045990128;0.00041900000734149335;0.00026800000469819226;0.00027200000344261257;0.0004640000061600909;0.0003540000046353756;0.0003270000043324712;0.0003060000040489467;0.00042800000572835854;0.0003310000041578081;-5.300000069213145e-05;-0.0003660000043013972;-4.500000060047178e-05;-4.600000054716024e-05;-5.400000063741242e-05;-5.200000063697047e-05;-5.300000066704167e-05;-5.200000064966968e-05;-0.00023300000283467555;-4.800000062034115e-05;-5.5000000695131834e-05
20;0.0001820000001515095;0.0003010000005170043;0.0004040000003155545;0.00023100000087746027;0.00034500000128321955;0.0002860000004757486;0.00033300000177273036;-4.700000024796802e-05;3.0000000235364953e-06;0.00016200000089545987;0.00040300000225522317;0.0003380000018207767;0.0001430000009107155;0.0003930000024927386;0.00035400000230493097;0.00017300000113265143;0.00040900000267071973;0.00015800000157275234;4.400000036417521e-05;0.0002470000023265635;0.0004270000035389145;0.0004070000039071796;0.00027500000285610903;8.00000006863133e-05;0.0003350000045239188;0.00039200000369769817;0.00038700000366403324;0.0004430000042622463;0.000204000002828544;0.000324000004353971;0.00032100000446323;-5.300000048310569e-05;0.0001660000022694179;0.0003350000042235625;-0.000286000003731218;0.0004190000060000196;0.00026800000383692775;0.0002720000026001363;0.0004640000046429575;0.00035400000345708074;0.0003270000031447909;0.00030600000304111614;0.0004280000041165532;0.00033100000316629944;-0.00021700000203487817;-0.00036600000318616553;-0.00023300000219463092;-4.600000038644417e-05;-0.00025600000222962034;-0.00020600000181120054;-5.3000000505565974e-05;-5.2000000469364216e-05;-4.700000042732385e-05;-0.00021900000200479158;-5.500000049589456e-05
21;0.0001820000001548664;0.000301000000507084;0.0004040000003165658;0.00023100000087287686;0.0003450000012994884;0.0002860000004882537;0.0003330000018022907;-4.70000002557484e-05;3.0000000209230446e-06;0.00016200000089038665;0.0004030000022520333;0.00033800000184121585;0.0001430000009273624;0.0003930000025114562;0.00035400000228314116;0.00017300000112874337;0.00040900000265291274;0.00015800000156557085;4.4000000359797945e-05;0.00024700000232640875;0.0004270000035124154;0.00040700000391300547;0.0002750000028679201;8.000000070804223e-05;0.0003350000045502243;0.0003920000037528305;0.00038700000368866523;0.0004430000042728777;0.00020400000284391602;0.0003240000043728656;0.0003210000044632061;-0.0002530000023104066;0.000166000002272945;0.00033500000422259174;-0.00028600000375596647;0.00041900000608229563;0.0002680000038721611;0.0002720000026255206;0.0004640000046619865;0.0003540000034731909;0.0003270000031272945;0.0003060000030644233;0.00042800000409782396;0.00033100000317810206;-0.0002170000020175399;-4.900000046016735e-05;-0.00023300000218322018;-4.6000000428757324e-05;-0.00025600000230957944;-0.00031000000268611153;-5.300000047862135e-05;-5.20000004681364e-05;-4.7000000414590234e-05;-0.00021900000198237215;-5.5000000502931256e-05
22;0.0001820000001638102;0.00030100000055947163;0.000404000000352662;0.00023100000097114502;0.00034500000145038103;0.0002860000005229082;0.00033300000202532345;-4.700000028938228e-05;3.0000000288453484e-06;0.0001620000010129483;0.00040300000252818766;0.00033800000206084827;0.00014300000105804399;0.0003930000028503937;0.00035400000261552394;0.00017300000127383456;0.00040900000304907203;0.00015800000177822787;4.400000039599506e-05;0.00024700000265414317;0.0004270000040250645;0.00040700000442985473;0.000275000003245699;8.000000082749471e-05;0.0003350000050829749;0.0003920000043286703;0.00038700000420640614;0.0004430000048711805;0.00020400000315702225;0.0003240000048895652;0.0003210000049720686;-0.00041200000434784005;0.00016600000256519192;0.0003350000047209661;-0.00028600000418992934;0.00041900000673137435;0.00026800000430965177;0.00027200000305318384;0.00046400000544718963;0.0003540000040895598;0.0003270000037674189;0.0003060000035987882;0.0004280000049075165;0.0003310000036903543;-5.300000059732749e-05;-4.900000056089976e-05;-0.00023300000259591645;-4.600000047943947e-05;-5.400000058261094e-05;-0.00015600000164705375;-5.300000058920691e-05;-0.00021200000228598247;-4.700000049300848e-05;-4.800000052104778e-05;-5.500000060592486e-05
23;0.0001820000001886025;0.0003010000006589408;0.00040400000040924594;0.00023100000112575737;0.0003450000016944023;0.00028600000061648127;0.0003330000023656545;-4.700000033935572e-05;3.0000000175210896e-06;0.00016200000117680245;0.00040300000295724744;0.0003380000024115291;0.0001430000012394769;0.000393000003342634;0.0003540000030540457;0.00017300000150277022;0.0004090000035462074;0.0001580000020804968;4.40000004929245e-05;0.0002470000031166455;0.00042700000472098616;0.0004070000052230011;0.0002750000037999735;8.000000095369449e-05;0.0003350000058456217;0.00039200000519633326;0.0003870000050014466;0.00044300000579823427;0.000204000003657643;0.0003240000056464132;0.00032100000575988817;-5.300000070988974e-05;0.00016600000292998164;0.00033500000547273605;-0.00028600000484743735;0.0004190000077588488;0.0002680000049563912;0.0002720000037217994;0.00046400000663553154;0.00035400000500002767;0.0003270000046711158;0.00030600000436544703;0.0004280000061726905;0.0003310000044462528;-5.300000073846912e-05;-4.9000000678564916e-05;-0.00015200000214329637;-4.6000000605269226e-05;-0.00015300000199890663;-5.200000071199671e-05;-0.0001520000020765706;-5.200000070699224e-05;-4.700000063038301e-05;-4.800000065130084e-05;-5.500000075772625e-05
24;0.0001820000001882581;0.0003010000006676949;0.0004040000004340047;0.00023100000116567325;0.00034500000173822516;0.0002860000006134251;0.0003330000024398635;-4.700000033363074e-05;3.000000018489983e-06;0.00016200000122273294;0.0004030000030534677;0.00033800000250371943;0.0001430000012641325;0.0003930000034297955;0.0003540000031569288;0.00017300000154025244;0.00040900000364782214;0.0001580000021451613;4.400000049256695e-05;0.00024700000325246843;0.00042700000488515996;0.00040700000541370375;0.00027500000391985616;8.000000102394922e-05;0.0003350000060430012;0.0003920000054127784;0.000387000005192336;0.0004430000060009616;0.0002040000037832219;0.0003240000058375573;0.0003210000059474209;-5.30000007360555e-05;0.00016600000304238093;0.00033500000565907115;-0.00028600000501042893;0.0004190000079893;0.0002680000051150414;0.00027200000386804656;0.00046400000692922206;0.00035400000522052484;0.0003270000049132659;0.00030600000455163713;0.0004280000065375721;0.00033100000464063225;-5.3000000791102394e-05;-4.9000000668593705e-05;-4.500000068598825e-05;-4.600000063328915e-05;-0.00015300000209557662;-5.200000074634752e-05;-0.00015200000214332543;-5.200000077159237e-05;-4.7000000688272346e-05;-4.80000006835418e-05;-5.5000000815199066e-05
25;0.00018200000017304792;0.0003010000006418132;0.0004040000004267993;0.00023100000109486094;0.0003450000016471058;0.00028600000059318003;0.000333000002291;-4.700000032697737e-05;3.000000018513586e-06;0.00016200000115299158;0.0004030000028825549;0.0003380000023640376;0.00014300000119862107;0.00039300000324405884;0.00035400000296671513;0.00017300000147428307;0.00040900000344398416;0.00015800000202500066;4.400000048341841e-05;0.0002470000030326592;0.00042700000463856023;0.0004070000050944513;0.0002750000037102973;8.00000009246194e-05;0.00033500000572951675;0.0003920000050622708;0.00038700000486519877;0.00044300000562223194;0.00020400000355976086;0.00032400000552054297;0.00032100000564193207;-5.300000067293204e-05;0.00016600000289471208;0.00033500000536768965;-0.00028600000473969487;0.0004190000076137109;0.00026800000484618753;0.0002720000036009078;0.00046400000642337323;0.0003540000048225021;0.00032700000445693675;0.0003060000042120964;0.00042800000586133805;0.0003310000043231877;-5.300000071721247e-05;-4.900000065326986e-05;-4.500000059547932e-05;-4.6000000587477556e-05;-5.400000068311732e-05;-5.200000065578048e-05;-5.3000000694056785e-05;-5.2000000668263984e-05;-0.00023300000286877428;-4.800000063085766e-05;-0.00026000000324397326
26;0.0001820000001723479;0.0003010000005954881;0.0004040000003754578;0.00023100000098077354;0.0003450000014924241;0.00028600000055037774;0.00033300000207678353;-4.700000029134661e-05;3.0000000064301236e-06;0.00016200000102935852;0.00040300000260607837;0.00033800000213350797;0.00014300000107466798;0.000393000002906387;0.00035400000267227065;0.00017300000130116415;0.00040900000313757746;0.0001580000018244141;4.400000043328478e-05;0.0002470000027384518;0.0004270000041739351;0.00040700000456362186;0.0002750000033343514;8.000000082541253e-05;0.000335000005184961;0.000392000004471054;0.0003870000043389212;0.0004430000050297372;0.00020400000323694256;0.0003240000050282626;0.00032100000512293994;-5.3000000601972784e-05;0.00016600000264309876;0.00033500000486830363;-0.0002860000043043766;0.00041900000694529;0.00026800000441387997;0.00027200000315596377;0.0004640000056113248;0.00035400000421497986;0.00032700000387615464;0.00030600000369012515;0.00042800000510304916;0.00033100000381043707;-5.300000062646322e-05;-0.00020900000232256037;-4.500000053031816e-05;-4.600000050091225e-05;-5.400000060153145e-05;-5.2000000558588464e-05;-5.300000060967677e-05;-5.2000000567127884e-05;-0.00023300000250488315;-0.00021900000244585687;-0.00026000000282046893
27;0.00018200000016725218;0.00030100000057242286;0.00040400000035267157;0.0002310000009566768;0.0003450000014344692;0.0002860000005362279;0.00033300000202958084;-4.700000029169745e-05;3.000000029296088e-06;0.00016200000100266362;0.00040300000252330604;0.0003380000020592239;0.0001430000010475048;0.0003930000028254261;0.00035400000258758963;0.00017300000127782285;0.00040900000304197316;0.00015800000175229893;4.400000040597829e-05;0.00024700000266204744;0.000427000004046333;0.0004070000044295407;0.0002750000032298414;8.000000081193138e-05;0.00033500000506612326;0.00039200000430363475;0.0003870000041997077;0.0004430000048629562;0.00020400000316907755;0.00032400000486404516;0.0003210000049818871;-5.300000056787594e-05;0.00016600000254637118;0.0003350000047125753;-0.00028600000417901614;0.0004190000066885605;0.00026800000429727815;0.0002720000030434937;0.0004640000054375633;0.000354000004070103;0.00032700000381939785;0.0003060000035586281;0.000428000005011925;0.00033100000366659987;-5.300000060054577e-05;-0.0005260000053454616;-4.500000050577931e-05;-4.600000048007235e-05;-5.400000056173825e-05;-5.2000000574417416e-05;-5.300000058415214e-05;-0.00022900000251346498;-4.7000000513519746e-05;-0.00021900000238982226;-5.5000000598180693e-05
28;0.00018200000017209322;0.0003010000005291425;0.0004040000003351604;0.00023100000089529675;0.0003450000013229627;0.00028600000048096917;0.0003330000018559166;-4.700000026603246e-05;3.0000000112354538e-06;0.00016200000092602212;0.0004030000023157166;0.00033800000189697246;0.0001430000009549259;0.00039300000258111003;0.00035400000238758876;0.00017300000115135338;0.0004090000027624363;0.00015800000161355122;4.400000037279813e-05;0.0002470000023923991;0.0004270000036727706;0.0004070000040460946;0.0002750000029583499;8.000000073547073e-05;0.0003350000046526995;0.00039200000386905383;0.00038700000380961444;0.0004430000044178163;0.0002040000029109182;0.00032400000449160155;0.00032100000459657735;-5.3000000514757305e-05;0.00016600000234472185;0.0003350000043562598;-0.00028600000384962815;0.0004190000062421889;0.0002680000039709676;0.00027200000271762197;0.00046400000480701254;0.0003540000035969089;0.00032700000324431246;0.0003060000031788091;0.0004280000042963973;0.00033100000330110453;-0.00021700000212522612;-0.00017300000162201657;-4.500000043181812e-05;-4.6000000437413106e-05;-0.00025600000236676405;-0.00031000000276101727;-5.3000000510828624e-05;-0.00022900000210421755;-4.7000000433775605e-05;-0.0002190000020619507;-5.500000050975436e-05
29;0.00018200000015484768;0.00030100000054575197;0.0004040000003551339;0.00023100000097122265;0.00034500000145392594;0.000286000000534894;0.00033300000204823334;-4.700000029098195e-05;3.0000000079475912e-06;0.00016200000101748737;0.00040300000255785083;0.00033800000207868453;0.0001430000010693443;0.00039300000284945815;0.0003540000026177753;0.00017300000129990626;0.00040900000305513044;0.00015800000177711512;4.4000000415504733e-05;0.00024700000269337367;0.0004270000040501003;0.00040700000447120577;0.00027500000324577427;8.000000082506534e-05;0.0003350000050835493;0.00039200000436235817;0.00038700000425166513;0.0004430000049235942;0.0002040000031741133;0.00032400000491034683;0.00032100000501388134;-5.300000058783794e-05;0.00016600000256588936;0.00033500000476739325;-0.00028600000422164567;0.00041900000684411815;0.00026800000433930936;0.0002720000030739875;0.0004640000054934642;0.00035400000410779953;0.00032700000375173095;0.00030600000360439723;0.0004280000049911328;0.0003310000037301254;-0.00021700000245398611;-4.900000052539516e-05;-4.500000050693272e-05;-0.0001540000016261567;-0.0002560000027016481;-0.0002060000021802048;-5.3000000581436816e-05;-0.0002120000023125963;-4.700000050115081e-05;-4.800000053827877e-05;-5.500000057897776e-05
30;0.00018200000016538144;0.00030100000065443793;0.0004040000004250267;0.0002310000011367771;0.0003450000016999925;0.0002860000006052534;0.00033300000235458475;-4.700000032066336e-05;3.000000012328052e-06;0.0001620000011809253;0.00040300000296441516;0.0003380000024140608;0.00014300000123033802;0.0003930000033171566;0.00035400000303750247;0.00017300000149044351;0.00040900000352856255;0.00015800000209958257;4.400000049208069e-05;0.0002470000031346533;0.00042700000475046567;0.00040700000523176183;0.00027500000379999056;8.000000095496897e-05;0.00033500000586353113;0.00039200000520778964;0.0003870000050046137;0.00044300000578950135;0.00020400000365865785;0.00032400000565043565;0.00032100000577025645;-5.3000000700543546e-05;0.00016600000292511108;0.0003350000054865829;-0.00028600000485278984;0.0004190000078033675;0.00026800000496911524;0.0002720000037071044;0.0004640000066560242;0.0003540000050149473;0.0003270000047161123;0.00030600000437104027;0.00042800000626421966;0.00033100000446198576;-5.300000076356679e-05;-4.900000063950158e-05;-4.500000064689941e-05;-0.00015400000198159835;-0.0001530000019817551;-5.200000071873422e-05;-0.00015200000208096776;-5.200000072882285e-05;-4.7000000641261144e-05;-4.800000065215684e-05;-5.500000077158266e-05
31;0.00018200000018113633;0.0003010000006589379;0.00040400000040177725;0.00023100000113322422;0.0003450000016943961;0.00028600000060901014;0.0003330000023731202;-4.7000000339354396e-05;3.000000024994019e-06;0.0001620000011730626;0.00040300000296097536;0.0003380000024152583;0.0001430000012469484;0.0003930000033426249;0.0003540000030465631;0.00017300000149529066;0.0004090000035312484;0.00015800000207301322;4.400000047796979e-05;0.00024700000314654735;0.0004270000047359279;0.00040700000523046545;0.00027500000379996394;8.00000009611685e-05;0.00033500000584560494;0.00039200000520379783;0.0003870000050089121;0.00044300000579822045;0.00020400000367259407;0.00032400000564639775;0.0003210000057598718;-5.30000007024095e-05;0.0001660000029374525;0.0003350000054802019;-0.0002860000048474219;0.00041900000778875157;0.00026800000495637505;0.0002720000037180511;0.0004640000066280356;0.00035400000500001666;0.00032700000468606147;0.0003060000043579568;0.00042800000616519975;0.0003310000044312859;-5.300000074594609e-05;-4.9000000693518544e-05;-0.00015200000216572686;-4.600000059778962e-05;-0.00015300000199890173;-5.20000007082556e-05;-0.00015200000206160938;-5.200000071446656e-05;-4.7000000634120886e-05;-4.8000000666255484e-05;-5.500000077268066e-05
32;0.0001820000002061325;0.000301000000700349;0.00040400000045163895;0.00023100000118534387;0.0003450000017761909;0.0002860000006527868;0.00033300000250388237;-4.700000034361873e-05;3.0000000206405387e-06;0.00016200000125358955;0.000403000003141399;0.00033800000256558666;0.00014300000130965286;0.00039300000354119437;0.00035400000323857985;0.00017300000159056183;0.0004090000037595573;0.00015800000221945391;4.400000053008779e-05;0.0002470000033304183;0.00042700000505151414;0.0004070000055633792;0.0002750000040490218;8.000000102784389e-05;0.00033500000618537617;0.0003920000055986129;0.00038700000534753337;0.00044300000617873594;0.00020400000386703115;0.0003240000059572037;0.0003210000060976484;-5.300000075548631e-05;0.00016600000310871248;0.00033500000580042336;-0.0002860000051355808;0.0004190000081625911;0.0002680000052364474;0.000272000003994435;0.0004640000071369078;0.00035400000539822916;0.0003270000050697479;0.00030600000469422847;0.0004280000066598028;0.00033100000480112247;-5.300000081589901e-05;-4.900000067404239e-05;-0.0001520000023225735;-4.6000000652218005e-05;-5.4000000773860405e-05;-5.200000077607412e-05;-5.300000079793997e-05;-5.200000079044685e-05;-4.700000069966392e-05;-4.800000071247615e-05;-5.500000082935237e-05
33;0.00018200000018238257;0.000301000000626739;0.0004040000003948286;0.00023100000107265212;0.00034500000159325936;0.00028600000058783367;0.0003330000022356708;-4.7000000320781505e-05;3.000000027250655e-06;0.00016200000111176807;0.00040300000280658974;0.0003380000022901596;0.0001430000011593275;0.00039300000316406256;0.0003540000028992468;0.000173000001404137;0.00040900000335181456;0.0001580000019639523;4.400000048247603e-05;0.00024700000294489296;0.0004270000044621586;0.0004070000049307319;0.00027500000360294803;8.000000090332844e-05;0.00033500000556146016;0.0003920000048925293;0.0003870000047075782;0.0004430000054538968;0.00020400000345608142;0.00032400000535557185;0.00032100000547474414;-5.300000065022359e-05;0.00016600000280075593;0.00033500000520453934;-0.0002860000046123514;0.00041900000740903475;0.0002680000047268681;0.00027200000345860596;0.00046400000618739874;0.0003540000046609974;0.0003270000043565114;0.0003060000040634584;0.0004280000057457159;0.0003310000041646229;-5.300000071386453e-05;-0.00033300000397221857;-4.5000000605593005e-05;-4.600000055450732e-05;-5.4000000657313286e-05;-5.200000066467637e-05;-5.3000000672960827e-05;-5.200000066772797e-05;-4.700000059891612e-05;-4.8000000609796686e-05;-0.00026000000323273177
34;0.000182000000165092;0.00030100000057166923;0.00040400000037937953;0.00023100000096560236;0.0003450000014492297;0.00028600000052447506;0.0003330000020419813;-4.7000000277669507e-05;3.000000023555046e-06;0.00016200000102047706;0.00040300000255463043;0.0003380000020864207;0.00014300000104944938;0.00039300000287100786;0.0003540000026047729;0.00017300000127581187;0.0004090000030470438;0.00015800000178977665;4.400000042310549e-05;0.0002470000026827565;0.0004270000040614241;0.000407000004454947;0.0002750000032587581;8.000000081258971e-05;0.0003350000050755842;0.0003920000043470055;0.0003870000042284189;0.00044300000492025293;0.00020400000317707676;0.0003240000049119628;0.00032100000502015643;-5.3000000584644415e-05;0.0001660000025590981;0.00033500000473766215;-0.0002860000042223688;0.0004190000067789571;0.00026800000433432214;0.0002720000030793982;0.0004640000054780188;0.0003540000041080463;0.0003270000038040173;0.00030600000360049166;0.00042800000501203104;0.000331000003698698;-5.3000000603297523e-05;-0.00033300000346904804;-4.500000051369908e-05;-0.0001780000018769427;-5.400000056720928e-05;-5.200000056088924e-05;-5.300000058665727e-05;-0.00022900000244572278;-4.700000050446958e-05;-4.8000000522739087e-05;-0.0002600000027408007
35;0.00018200000016225455;0.0003010000005344949;0.0004040000003469391;0.00023100000092687466;0.0003450000013853999;0.00028600000051139;0.00033300000194979305;-4.700000027521448e-05;3.000000018243214e-06;0.00016200000097294127;0.0004030000024470349;0.0003380000020020136;0.00014300000100042127;0.0003930000027255472;0.0003540000024967296;0.00017300000122965432;0.0004090000029278092;0.00015800000169613476;4.400000039412585e-05;0.0002470000025764284;0.0004270000038793654;0.00040700000426177293;0.0002750000031244856;8.000000076879988e-05;0.0003350000048931681;0.0003920000041226759;0.000387000004035037;0.00044300000467062297;0.00020400000303405472;0.00032400000471803614;0.00032100000482269487;-5.3000000549365845e-05;0.00016600000246749392;0.00033500000455647213;-0.00028600000405126693;0.00041900000649451575;0.0002680000041608283;0.0002720000029020572;0.00046400000516456247;0.00035400000386515287;0.00032700000354824723;0.000306000003374254;0.0004280000045851466;0.00033100000351382906;-5.3000000555668576e-05;-0.00024200000241863943;-0.00023300000243611985;-0.00013000000132570966;-5.4000000543122653e-05;-5.2000000519142594e-05;-5.3000000527398465e-05;-0.00022900000230190404;-4.700000046958038e-05;-0.00021900000224377427;-0.0001740000017086481
36;0.00018200000007563438;0.0003010000002749888;0.0004040000001778969;0.00023100000045402834;0.00034500000068359585;0.0002860000002642166;0.0003330000009602431;-4.700000013927915e-05;3.0000000031280466e-06;0.00016200000048499595;0.0004030000012202793;0.00033800000098678404;0.00014300000049886945;0.00039300000134283926;0.0003540000012313482;0.00017300000058438516;0.00040900000141210196;0.00015800000082819024;4.400000017656511e-05;0.00024700000121867207;0.00042700000180901515;0.00040700000203520005;0.0002750000015193197;8.000000034742027e-05;0.000335000002550007;0.0003920000017281351;0.0003870000018313428;0.00044300000212018454;0.00020400000161851405;0.00032400000244731396;0.0003210000025151151;-5.3000000220172067e-05;0.00016600000128673355;0.0003350000023416914;-0.00028600000208581905;0.00041900000346055383;0.0002680000021918386;0.0002720000011537122;0.00046400000205315723;0.0003540000015170165;0.00032700000141144424;0.00030600000136674896;0.00042800000183974433;0.00033100000146280305;-5.3000000224524935e-05;-4.900000018128362e-05;-0.00023300000096506066;-0.00238900000651648;-0.00035500000099576836;-0.00020600000078858187;-5.3000000206644605e-05;-5.2000000206353384e-05;-4.7000000182579006e-05;-0.00021900000087887172;-5.500000022067203e-05
37;0.00018200000013992635;0.0003010000005322654;0.0004040000003494001;0.00023100000091637668;0.0003450000013694632;0.0002860000005216965;0.000333000001938509;-4.7000000267686464e-05;3.000000019349862e-06;0.00016200000097016303;0.00040300000243712107;0.0003380000019744991;0.00014300000099874634;0.0003930000027247997;0.00035400000249240807;0.00017300000122270965;0.00040900000290252384;0.00015800000170450358;4.400000041663333e-05;0.0002470000025540888;0.0004270000038162967;0.00040700000423890087;0.00027500000309334824;8.00000007669549e-05;0.0003350000048496525;0.0003920000040719221;0.000387000004004232;0.0004430000046347453;0.00020400000300288264;0.0003240000046785779;0.00032100000479572566;-5.300000054777906e-05;0.00016600000243907522;0.0003350000045343738;-0.00028600000402357933;0.0004190000065025231;0.00026800000412665156;0.0002720000028708686;0.00046400000512839527;0.0003540000038428421;0.0003270000035075585;0.00030600000336920857;0.0004280000046444714;0.00033100000348836674;-0.00021700000227675988;-0.00015700000153248241;-4.500000046991606e-05;-0.00011800000116437048;-0.00035500000342806833;-0.000206000002030303;-5.300000054672374e-05;-0.00021200000214924698;-4.700000046349069e-05;-4.8000000497430094e-05;-5.500000054203656e-05
38;0.00018200000015472113;0.00030100000052319775;0.000404000000322552;0.00023100000091857045;0.0003450000013718589;0.00028600000050507424;0.0003330000019050745;-4.700000025383597e-05;3.00000000790352e-06;0.0001620000009535777;0.0004030000023873052;0.0003380000019339038;0.00014300000098120902;0.00039300000264230614;0.0003540000024186049;0.0001730000011989987;0.00040900000285550204;0.00015800000166146528;4.400000039050742e-05;0.0002470000025036782;0.00042700000374079616;0.00040700000415498866;0.00027500000304815625;8.0000000755106e-05;0.0003350000047995008;0.00039200000399927605;0.0003870000039241289;0.00044300000455219763;0.00020400000300114374;0.00032400000459193525;0.00032100000471466767;-5.3000000541992165e-05;0.00016600000237665448;0.0003350000044599969;-0.0002860000039479228;0.00041900000644356616;0.00026800000407124015;0.0002720000028136044;0.00046400000501941273;0.00035400000374939027;0.0003270000033919897;0.0003060000033031806;0.00042800000447503525;0.0003310000034093644;-0.00021700000222797558;-0.0002570000024430264;-0.00015200000155152378;-0.0002860000027374804;-5.400000051699231e-05;-0.00015600000147483257;-5.3000000542037905e-05;-5.200000052562562e-05;-0.00023300000218452746;-4.800000050055716e-05;-5.500000053852575e-05
39;0.00018200000013666987;0.0003010000005162504;0.000404000000317804;0.00023100000086001982;0.00034500000130342697;0.0002860000004764647;0.0003330000018172222;-4.700000025601806e-05;3.0000000287398847e-06;0.0001620000009095877;0.00040300000226663586;0.0003380000018580612;0.00014300000093461822;0.00039300000255573396;0.00035400000232274403;0.0001730000011418404;0.0004090000026677422;0.0001580000016002609;4.40000003757241e-05;0.00024700000236831663;0.00042700000356095895;0.00040700000395651337;0.00027500000288952956;8.000000072109792e-05;0.0003350000045704307;0.0003920000037818681;0.0003870000037155512;0.00044300000431027407;0.00020400000285164971;0.00032400000440853887;0.0003210000045136756;-5.3000000494938394e-05;0.0001660000022935433;0.00033500000425456774;-0.00028600000378346536;0.00041900000614556934;0.00026800000389286624;0.0002720000026452773;0.0004640000047117401;0.00035400000352029445;0.00032700000318175204;0.0003060000031001749;0.0004280000041915979;0.00033100000322528134;-0.00021700000206611376;-0.00037700000332836726;-0.00015200000144786075;-0.00028600000255793044;-5.4000000480319416e-05;-5.200000045740788e-05;-5.300000050578796e-05;-0.00018600000174250807;-0.00023300000206965147;-4.800000044354008e-05;-5.500000050817633e-05
40;0.00018200000016642805;0.0003010000005571879;0.00040400000036803054;0.00023100000098847826;0.00034500000148985824;0.0002860000005513055;0.000333000002081089;-4.700000029231389e-05;3.0000000262644432e-06;0.00016200000103682797;0.0004030000025996068;0.00033800000212997185;0.00014300000108801586;0.0003930000029147522;0.0003540000026630538;0.00017300000131690302;0.00040900000309029383;0.00015800000181094093;4.400000041924621e-05;0.0002470000027254764;0.000427000004105367;0.00040700000455906783;0.0002750000033286202;8.000000083169476e-05;0.0003350000051810161;0.00039200000444775584;0.0003870000043318688;0.0004430000050071744;0.00020400000324477462;0.0003240000049984032;0.00032100000510952884;-5.30000005964742e-05;0.00016600000261987794;0.00033500000486151355;-0.0002860000043009478;0.00041900000693120804;0.00026800000440420433;0.00027200000314927874;0.00046400000562514597;0.0003540000042120685;0.00032700000389582776;0.00030600000369398626;0.00042800000509885466;0.0003310000037990428;-5.30000006245739e-05;-0.00032900000352329475;-4.500000053343891e-05;-7.000000077241598e-05;-5.4000000591475096e-05;-5.200000057479356e-05;-5.300000060708653e-05;-0.0001570000017043712;-4.700000051587238e-05;-4.800000054265686e-05;-0.00037900000402676893
41;0.00018200000003932586;0.0003010000001002909;0.00040400000006261545;0.000231000000176898;0.00034500000026038176;0.00028600000009848807;0.00033300000033902754;-4.700000004721327e-05;3.0000000082312837e-06;0.00016200000018545265;0.000403000000458671;0.00033800000038048886;0.0001430000001974566;0.0003930000004703633;0.0003540000004415379;0.00017300000020872825;0.0004090000005131497;0.00015800000019089512;4.4000000056203156e-05;0.00024700000035589466;0.00042700000060764357;0.0004070000005747457;0.0002750000003338532;8.000000011931343e-05;0.00033500000024500515;0.00039200000067876633;0.0003870000006483924;0.0004430000007560977;0.00020400000013929903;0.0003240000002129742;0.00032100000023926536;-5.3000000092452935e-05;0.00016600000010046643;-0.005465999994356001;-0.0002860000001686735;0.0004190000003297109;0.0002680000002285483;0.00027200000048808163;0.00046400000090391296;0.00035400000066525343;0.00032700000061853043;0.0003060000005784898;0.00042800000078740865;0.00033100000059244907;-5.3000000110907276e-05;-0.00026900000043692456;-4.500000009619637e-05;-6.600000009716732e-05;-5.400000007777076e-05;-5.20000000715232e-05;-5.300000007786164e-05;-0.00016600000025215983;-9.700000016007013e-05;-4.800000009216123e-05;-0.00037900000058828316
42;0.00018200000011444386;0.0003010000004405454;0.00040400000029172173;0.00023100000074485028;0.00034500000112249515;0.00028600000041224555;0.000333000001541936;-4.700000020642222e-05;3.000000026546604e-06;0.0001620000007839909;0.0004030000019433041;0.0003380000015797296;0.00014300000081669784;0.00039300000216700845;0.0003540000019989636;0.00017300000098905747;0.0004090000023049103;0.00015800000134291235;4.4000000310786226e-05;0.00024700000198006893;0.000427000003002324;0.00040700000333456084;0.00027500000243595353;8.000000060415317e-05;0.00033500000387389357;0.0003920000031374028;0.0003870000031271997;0.0004430000036268192;0.00020400000239624404;0.0003240000037323951;0.00032100000381530256;-0.0005380000040082168;0.0001660000019493001;0.0003350000036139971;-0.0003900000042646069;0.0004190000051806368;0.00026800000328463017;0.0002720000021852499;0.00046400000390556804;0.00035400000292624577;0.0003270000026997025;0.00030600000256238196;0.00042800000354762524;0.0003310000026489893;-5.3000000445069356e-05;-0.0004620000033282571;-4.500000035919834e-05;-0.00012600000092221378;-5.400000039681004e-05;-5.200000039038054e-05;-5.300000041502308e-05;-0.00016600000125186756;-0.0001070000007946721;-0.00021900000166997892;-0.0002600000019351969
43;0.00018200000001060085;0.00030100000002932035;0.00040400000003786376;0.00023099999999273707;0.0003450000000156451;0.0002860000000199129;0.00033299999997407154;-4.699999999735095e-05;3.0000000082810173e-06;0.00016200000000087032;0.0004030000000262061;0.0003379999999889794;0.00014299999995309346;0.0003929999999000342;0.0003539999999109858;0.0001729999999650209;0.0004089999999196219;0.00015799999984714172;4.399999993097531e-05;-5.799999991906663e-05;0.0004269999995160035;0.0004069999995103412;0.0002749999997884255;7.999999982886688e-05;0.0003350000002115336;0.00039199999814965155;0.00038699999914356255;0.0004429999990456531;0.00020400000017163156;0.00032400000020137056;0.0003210000002589865;-0.0005229999968484352;0.00016600000010405985;0.0003350000000783753;-0.00037000000013204015;0.00041900000038983166;0.0002680000002553377;0.00027199999822827866;0.00046399999701657936;0.00035399999767627295;0.00032699999786622836;0.0003059999980300894;0.00042799999724083156;0.0003309999983537761;-5.29999996509947e-05;-0.0005859999899248419;-4.499999969791724e-05;-0.008893999817807363;-0.00015299999717079344;-5.199999963293203e-05;-0.00015199999892657041;-0.00016599999881214357;-0.00010699999923734475;-0.00021899999843606386;-5.49999996027072e-05
44;0.00018200000004232411;0.0003010000001485633;0.00040400000010722034;0.00023100000026685233;0.0003450000004046486;0.00028600000016092646;0.0003330000005521035;-4.700000007267917e-05;2.999999996272568e-06;0.0001620000002753185;0.0004030000006901267;0.00033800000055562665;0.00014300000027992187;0.0003930000007384598;0.0003540000006794803;0.0001730000003394951;0.00040900000081809816;0.00015800000043307333;4.4000000102225986e-05;-0.00023700000059696225;0.0004270000009928788;0.0004070000010743822;0.00027500000083519873;8.000000018432703e-05;0.00033500000148342066;0.00039200000085492956;0.00038700000097062633;0.0004430000011259271;0.000204000000948678;0.0003240000014370928;0.00032100000149162995;-5.300000010856609e-05;0.0001660000007512995;0.00033500000135933047;-0.0002860000012140599;0.00041900000206410864;0.00026800000130781666;0.00027200000054713845;0.0004640000009796981;0.00035400000071259436;0.00032700000057995566;0.00030600000064175706;0.00042800000079968854;0.0003310000007299714;-0.00021700000039697668;-0.002702000002403706;-4.500000007426058e-05;-0.0001180000001372104;-0.0003550000004200301;-0.0003100000004243701;-0.0002740000004956369;-0.0005140000007336329;-0.00022200000031580102;-4.8000000087774034e-05;-5.500000008340369e-05
45;0.0001820000001138832;0.00030100000038568524;0.00040400000026022945;0.00023100000067784374;0.0003450000010104815;0.0002860000003730558;0.0003330000014016662;-4.700000019268831e-05;3.000000029448054e-06;0.00016200000070704467;0.0004030000017756283;0.00033800000142902067;0.00014300000072426286;0.000393000001958505;0.0003540000018196154;0.00017300000088441166;0.0004090000021145503;0.00015800000122101934;4.400000028355434e-05;0.0002470000018054231;0.00042700000274916035;0.0004070000030404482;0.00027500000223443975;8.000000054741657e-05;0.00033500000360958687;0.0003920000027638779;0.00038700000280732276;0.0004430000032540029;0.00020400000226827611;0.000324000003488289;0.0003210000035914752;-5.300000036669405e-05;0.00016600000183600644;0.0003350000033505213;-0.00028600000298223963;0.0004190000049052511;0.0002680000030998503;0.00027200000190702895;0.000464000003365799;0.00035400000248797883;0.00032700000215766275;0.0003060000022340504;0.0004280000027828805;0.0003310000023629364;-0.00027700000178962906;-0.000397000002418508;-0.00023300000146704388;-0.00022600000139960126;-0.00025600000157292006;-0.00020600000118422662;-0.00012500000082687782;-0.0006230000035195865;-4.7000000272641295e-05;-4.8000000323448626e-05;-5.500000030978628e-05
46;0.00018200000012911022;0.0003010000004413314;0.00040400000029554116;0.00023100000079160607;0.0003450000011765394;0.0002860000004299554;0.00033300000164540285;-4.70000002310095e-05;3.0000000131603675e-06;0.00016200000081349823;0.00040300000204366676;0.0003380000016769407;0.00014300000083744758;0.00039300000226895365;0.00035400000210203966;0.00017300000102370196;0.00040900000245212576;0.0001580000014198355;4.400000032344831e-05;0.0002470000021260559;0.0004270000032101283;0.0004070000035500694;0.0002750000026164337;8.000000062610165e-05;0.00033500000415427513;0.0003920000033196792;0.00038700000330659244;0.00044300000383476983;0.00020400000261251488;0.00032400000397885193;0.0003210000041107353;-5.3000000431533736e-05;0.00016600000208872234;0.00033500000383752964;-0.0002860000034309006;0.000419000005541227;0.000268000003534029;0.00027200000230988703;0.0004640000040918274;0.0003540000030460721;0.0003270000026868311;0.0003060000026804282;0.00042800000356477857;0.0003310000028383819;-0.00033700000271286526;-0.0004210000031937405;-0.00023300000189536892;-0.0002140000016400162;-5.4000000413025576e-05;-5.2000000399379955e-05;-0.0002850000022681997;-0.0002860000022049564;-4.700000035666103e-05;-4.800000039729639e-05;-5.500000041332598e-05
47;0.00018200000004821705;0.0003010000001870654;0.00040400000010536917;0.00023100000028777233;0.00034500000045253377;0.0002860000001752829;0.00033300000062673886;-4.7000000083376134e-05;3.000000012371121e-06;0.00016200000032890634;0.00040300000081399176;0.00033800000065040473;0.00014300000030938878;0.0003930000008771428;0.0003540000008041125;0.00017300000039583124;0.0004090000009203203;0.00015800000052017865;4.4000000117534074e-05;0.0002470000007840121;0.000427000001166446;0.00040700000130126793;0.0002750000009769789;8.000000021207281e-05;0.0003350000017352237;0.0003920000010261619;0.00038700000113296116;0.00044300000132312025;0.00020400000109422185;0.00032400000166789506;0.00032100000171915243;-5.300000013387957e-05;0.00016600000087415903;0.00033500000154213275;-0.0002860000014133201;0.0004190000023474278;0.00026800000150281427;0.000272000000656805;0.00046400000108987917;0.00035400000075616443;0.000327000000602808;0.0003060000007093475;0.00042800000079839693;0.0003310000008364303;-0.0002930000005057401;-0.0004090000008259884;-4.5000000069822826e-05;-0.00011800000024961574;-5.4000000115761355e-05;-5.200000008151469e-05;-0.0035530000032958295;-0.0003260000004985809;-4.700000008775367e-05;-4.800000005524757e-05;-0.00017400000026619538
48;0.00018200000001319908;0.00030100000007321574;0.00040400000005270595;0.0002310000001279849;0.0003450000001697163;0.0002860000000722858;0.0003330000002307303;-4.70000000304553e-05;3.000000010857382e-06;0.00016200000011897482;0.00040300000029741583;0.00033800000023691924;0.0001430000001059553;0.00039300000029333205;0.0003540000002535194;-0.0011590000005444526;0.00040900000025000983;0.00015800000017864032;4.4000000032483645e-05;0.0002470000002635081;0.0004270000003733317;0.000407000000457639;0.00027500000038294304;8.000000006961118e-05;0.00033500000073054487;0.0003920000001247301;0.0003870000003160441;0.00044300000037807445;0.00020400000049366;0.0003240000007311113;0.0003210000007631833;-5.300000000723321e-05;0.00016600000037027393;0.00033500000066774967;-0.00028600000061842676;0.000419000001085611;0.0002680000006793916;0.0002719999999855517;0.000463999999904647;0.00035399999980796333;0.0003269999996182924;0.00030599999994492807;0.0004279999995088461;0.0003310000000839789;-0.0003529999995435063;-0.0003009999998933841;-4.499999992752891e-05;-0.00016599999992820882;-5.399999998261837e-05;-5.199999991127901e-05;-0.0035059999887903214;-0.0003259999994938552;-0.00023299999964278517;-0.002270999992083688;-0.0001739999997284331
49;0.00018200000009781084;0.00030100000034135964;0.00040400000019373664;0.0002310000005649915;0.00034500000085218853;0.00028600000033375615;0.0003330000011617334;-4.700000015855834e-05;3.0000000097577718e-06;0.00016200000058615835;0.0004030000014850964;0.00033800000119891215;0.00014300000059571072;0.0003930000016263723;0.00035400000149921285;0.000173000000736423;0.00040900000175237604;0.00015800000099383755;4.400000023273149e-05;0.0002470000014759284;0.0004270000022589757;0.0004070000024824619;0.0002750000018207493;8.000000043812474e-05;0.0003350000028363587;0.00039200000223872905;0.0003870000022899323;0.0004430000026743409;0.0002040000017676377;0.00032400000276046613;0.0003210000027944899;-5.300000029743678e-05;0.00016600000139278375;0.0003350000026562694;-0.0006200000047291263;0.00041900000375523304;0.000268000002402177;0.0002720000015318144;0.0004640000027278751;0.0003540000019987085;0.00032700000167983686;0.00030600000179140563;0.0004280000022311903;0.00033100000191962334;-0.00036300000180698033;-0.0004050000020262214;-4.500000022642565e-05;-0.000130000000681387;-5.400000027876395e-05;-0.00015200000066534428;-0.00043200000212461194;-0.00032600000142953516;-0.00034800000147745016;-0.00013200000065576552;-0.00026000000115106224
50;0.0001820000000789194;0.0003010000002889463;0.00040400000019849466;0.0002310000004890267;0.00034500000073676686;0.0002860000002632169;0.00033300000102520294;-4.700000012968968e-05;3.0000000204503858e-06;0.00016200000051262673;0.00040300000129065935;0.0003380000010443839;0.00014300000051609382;0.00039300000141875683;0.0003540000013075918;0.0001730000006482884;0.00040900000152742144;0.00015800000085762624;4.400000019423462e-05;0.0002490000012885251;0.00042700000194622077;0.00040700000214238504;0.0002750000015729187;8.000000038519697e-05;0.0003350000025670693;0.0003920000018768489;0.00038700000195466893;0.0004430000022627391;0.00020400000159808996;0.0003240000024742051;0.00032100000251876856;-5.3000000240683505e-05;0.00016600000127296627;0.000335000002373496;-0.0005130000035898226;0.00041900000345538945;0.00026800000216875255;0.0002720000012568005;0.0004640000022357998;0.00035400000161297764;0.00032700000132504167;0.00030600000145754926;0.00042800000174873743;0.00033100000158338704;-0.00042300000166748704;-0.0005260000020992568;-4.50000001768551e-05;-0.00019000000080827325;-5.400000022661925e-05;-0.00020600000069428387;-0.0005320000020610709;-0.00042900000146683416;-0.00028200000093789556;-0.00022900000088807407;-0.0002600000008832251
51;0.00018200000003287253;0.00030100000011167537;0.000486000000083608;0.00023100000013679577;0.0003450000002267079;0.0002860000000886803;0.00033300000027171306;-4.700000003690679e-05;2.9999999963551356e-06;0.00016200000013655633;0.00040300000037546565;0.0003820000003483041;0.00014300000012716787;0.0003930000003557256;0.00035400000034579906;0.00017300000014685915;0.00040900000036612534;0.00015800000003552794;4.400000003986057e-05;0.0002780000001599304;0.00044100000038660013;0.00040700000025052126;0.00027499999994615436;8.000000005268723e-05;0.0003349999988946383;0.0003920000003074227;0.0003870000003536719;0.0004430000004303097;0.00020399999895313084;0.00032399999890457673;0.00032099999838901055;9.600000006104527e-05;0.00016599999867463434;0.00037099999914668493;-0.00676999987807451;0.0004329999972509943;0.0002679999982781694;0.0002720000001820801;0.000511000000380654;0.00035400000022242715;0.00032700000010494403;0.0003060000002302197;0.0004280000001463333;0.0003310000002489162;-0.00042300000009769695;-0.00032900000009607205;-4.5000000025392445e-05;-0.0002660000000906402;-0.00015300000003652084;-0.00020599999999042012;-0.0005719999999880807;-0.0003879999999678169;-0.00015699999999365844;-0.0005079999999800442;-5.4999999995234696e-05
52;0.00018200000009484788;0.000301000000315622;0.00048600000025096954;0.000231000000533359;0.000345000000818156;0.0002860000002985923;0.00033300000112270107;-4.7000000156148874e-05;3.00000001984666e-06;0.00016200000055997406;0.00040300000142961054;0.0003820000013100772;0.0001430000005770435;0.00039300000157530777;0.0003540000014506083;0.00017300000070885155;0.00040900000169332817;0.00015800000096587673;4.400000023008374e-05;0.0002780000016220832;0.00044100000223805885;0.0004070000024039668;0.0002750000018022198;8.000000041378616e-05;0.00033500000297628053;0.00039200000208915083;0.0003870000021782443;0.0004430000025268348;0.00020400000185538582;0.00032400000287075427;0.00032100000294963944;9.600000049688284e-05;0.00016600000148753148;0.0003710000030357455;-0.00028600000244305277;0.00043300000416307246;0.0002680000025599312;0.00027200000139095717;0.0005110000026978797;0.00035400000176621975;0.00032700000144665685;0.0003060000016028581;0.0004280000019150573;0.0003310000017655123;-0.0003830000016533503;-0.0003290000014928352;-4.5000000193096545e-05;-0.00020600000091083076;-0.00035500000155849266;-5.200000020838382e-05;-0.0007110000028839894;-0.0007850000028841652;-0.00021200000080570734;-0.0004080000016308174;-5.5000000199188006e-05
53;0.00018200000011811925;0.0003010000003764564;0.0004860000002853411;0.00023100000062570587;0.0003450000009364743;0.0002860000003492712;0.00033300000130796894;-4.700000018523683e-05;2.9999999986322265e-06;0.0001620000006791507;0.00040300000168210615;0.0004080000016517581;0.00014300000069032622;0.0003930000018388273;0.0003540000016776883;0.00017300000084070585;0.00040900000195765384;0.00015800000114308093;4.400000024672434e-05;0.0002780000019138909;0.000441000002655825;0.00045900000322636594;0.00027500000212387986;8.000000050416704e-05;0.00033500000344216773;0.0003920000025043932;0.0003870000026024607;0.0004430000030097851;0.00020400000214280774;0.00032400000332280055;0.00032100000339255484;9.600000059639063e-05;0.00016600000176125845;0.0003710000035367572;-0.00028600000284570226;0.0004330000047981361;0.00026800000295906383;0.0002720000017065688;0.000511000003294118;0.00035400000215691054;0.00032700000176527513;0.00030600000196070944;0.000428000002304403;0.0003310000021372245;-0.0005470000028512754;-6.1000000350861794e-05;-0.0003400000017496768;-9.800000057849906e-05;-0.0002560000014762817;-5.20000002367534e-05;-0.0006020000030870549;-0.0006250000029229092;-0.00013200000063427056;-0.000368000001846244;-5.5000000263224205e-05
54;0.00018200000012254591;0.0003010000004216268;0.00048600000034725683;0.000231000000727555;0.0003450000010809543;0.0002860000004035546;0.00033300000150727127;-4.7000000208182806e-05;3.000000017522263e-06;0.00016200000075584247;0.0004030000018898087;0.00040800000187461434;0.00014300000076830806;0.0003930000020974894;0.00035400000191812103;0.00017300000093036977;0.00040900000224614594;0.00015800000130823278;4.400000030908845e-05;0.00027800000219545197;0.00044100000302049866;0.0004590000036736683;0.0002750000023883224;8.000000059741615e-05;0.0003350000037550025;0.0003920000029567809;0.00038700000302690026;0.0005720000045654278;0.00020400000236589367;0.00032400000361285547;0.00032100000370336557;9.60000007025205e-05;0.00016600000187876334;0.00037100000386724606;-0.00028600000307647935;0.0004330000051330322;0.00013900000162614935;0.0002720000020358428;0.0005110000039574887;0.00035400000261233687;0.0003270000021864414;0.00030600000234384263;0.0004280000028600801;0.0003310000025053359;-0.0004870000031508615;-6.100000039951096e-05;-0.0003400000021806195;-0.00017000000116465327;-0.00025600000174534783;-5.200000031563431e-05;-0.0005050000032731394;-0.00030800000186814253;-0.00019200000115567075;-0.000170000001120961;-0.00017400000103755812
55;0.0001820000000257753;0.00030100000013268385;0.00048600000010588036;0.00023100000019705153;0.00034500000030584594;0.00028600000013294304;0.0003330000004283029;-4.700000006174141e-05;3.000000006693158e-06;0.0001620000002256359;0.00040300000054406066;0.00040800000054787137;0.00014300000020581692;0.0003930000005525273;0.00035400000051595077;0.00017300000026445608;0.00040900000058618114;0.00015800000032489315;4.4000000064348875e-05;0.00027800000054095246;0.0004410000007511369;0.00045900000091493896;0.0002750000006393089;8.000000013316814e-05;0.0003350000011658617;0.0003920000003982027;0.0003870000006394697;0.0005720000009855045;0.00020400000072435677;0.0003240000011257895;0.00032100000115903863;9.600000009215106e-05;0.00016600000057313016;0.0003710000011596919;-0.0002860000009419031;0.00043300000164935796;0.00026800000101453677;0.00027200000017620535;0.0005110000003153173;0.00038700000014584766;0.0003269999999042645;0.00030600000020171377;0.00042799999970529465;0.000331000000327291;-0.00026299999989812164;-4.8999999989500124e-05;-0.00023299999982549915;-0.003966999995737367;-5.399999995205671e-05;-5.1999999861223914e-05;-5.300000000051946e-05;-0.00030799999952313027;-0.0027399999909085296;-0.00016099999998682704;-0.00017399999973171987
56;0.00018200000004995644;0.00030100000013763496;0.000486000000104352;0.00023100000022890514;0.0003450000003476154;0.0002860000001224422;0.00033300000044749097;-4.700000005958629e-05;3.000000002132688e-06;0.00016200000021788705;0.0004030000005804757;0.00040800000057218325;0.00014300000023128196;0.00039300000061831476;0.00035400000056085316;0.00017300000027161493;0.00045100000073954933;0.00018900000043634585;4.4000000057572625e-05;0.00027800000057540234;0.00044100000080914744;0.0004590000010127584;0.000275000000682653;8.000000015013283e-05;0.0003800000014286794;0.0003920000004845861;0.0003870000007143052;0.0005720000010787714;0.00020400000079952914;0.00032400000122495304;0.0003210000012583783;9.600000011416596e-05;0.00016600000063416787;0.00037100000127851193;-0.00028600000102799915;0.00043300000181793557;0.00026800000110692;0.0002720000002211972;0.0005110000004064934;0.0003870000002251561;0.000326999999975428;0.00030600000025013705;0.00042799999981728775;0.00033100000038285805;-0.00017299999998777725;-4.899999998322207e-05;-4.499999999168688e-05;-0.003954999996406082;-5.3999999966415216e-05;-0.00015599999960295142;-5.30000000106413e-05;-0.000294999999581863;-0.0028869999904770774;-0.0002450000000412348;-5.4999999931583924e-05
57;0.0002320000001535224;0.0003010000004176643;0.0005190000003508067;0.00023100000072152167;0.0003450000010769358;0.0003730000005451797;0.0003330000015238297;-4.700000020843107e-05;3.0000000146692114e-06;0.0001620000007594842;0.0004030000019046287;0.0004100000018972532;0.00014300000078389222;0.0003930000021136217;0.0003540000019398487;0.00026400000147396436;0.0004510000025050033;0.0003350000028481425;4.4000000289850404e-05;0.0002780000022136455;0.0004410000030317562;0.00045900000370884117;0.0002750000023952973;8.00000005845248e-05;0.00039000000453849127;0.00039200000289628986;0.0003870000030155245;0.0005910000046990186;0.0002040000024323597;0.00032400000373769783;0.00032100000384057266;9.600000068953429e-05;0.00016600000196062328;0.0003710000040072264;-0.00028600000321879953;0.00043300000542440746;0.0002680000033191257;0.00027200000197841596;0.000511000003810976;0.000525000003731416;0.000327000001958198;0.0004210000031302473;0.0004280000023157751;0.00043100000324366533;-0.00011300000064558752;-4.900000035409224e-05;-4.500000025012475e-05;-0.00015800000109268087;-5.400000036856558e-05;-0.00031000000082603504;-5.30000003265571e-05;-0.00029500000123697706;-0.002992000005874238;-0.00016100000100415985;-5.500000022126126e-05
58;0.00023200000016236272;0.00030100000041588976;0.0005190000003426509;0.00023100000066974313;0.0003450000010026535;0.000469000000634106;0.0003330000014027303;-4.700000020676604e-05;3.0000000000215664e-06;0.00016200000070477912;0.00040300000175622953;0.00041000000175414494;0.000143000000721393;0.0003930000019230611;0.00035400000177264744;0.0002640000013732485;0.0004510000022962181;0.0003350000025921103;4.400000028048724e-05;0.0002780000020084251;0.00044100000276592837;0.0004590000033862021;0.00027500000221938447;8.000000051733324e-05;0.0003900000041667543;0.00045400000303090455;0.00038700000272166597;0.0005910000042734665;0.00020400000224694972;0.00032400000347158236;0.00032100000354244715;9.600000062533587e-05;0.0001660000018379456;0.0003710000036891085;-0.0002860000029585306;0.0004330000049723384;0.0002680000030698913;0.0002720000017503383;0.0005110000033742559;0.0005250000032817318;0.00032700000165140333;0.00042100000276168047;0.0004280000019466991;0.00043100000291855614;-0.00034900000171881495;-0.00020900000119151432;-4.500000019554437e-05;-0.00015800000094503763;-5.4000000324423734e-05;-0.0002060000004462589;-5.300000029159822e-05;-0.0004850000015809801;-0.0028060000042849985;-4.800000028242618e-05;-0.00026000000083487853
59;0.00023200000013931987;0.0003010000003247342;0.0005190000002824352;0.00023100000056816065;0.00034500000083746474;0.00046900000053077455;0.00033300000117442375;-4.7000000159859976e-05;3.000000014196748e-06;0.00016200000058244564;0.000403000001463459;0.00041000000145681513;0.0001430000005967269;0.00039300000159274445;0.0003540000014756086;0.0002640000011321292;0.000451000001928557;0.000335000002136158;4.4000000239353424e-05;0.00027800000166614393;0.0004410000022941719;0.0004590000027832701;0.00027500000184105917;8.000000041722503e-05;0.0003900000035330796;0.00045400000239449663;0.0003870000022152944;0.000591000003468527;0.00020400000188237075;0.0003240000029094135;0.00032100000299562913;9.600000048910355e-05;0.0001660000015432821;0.00037100000309840816;-0.0002860000024948869;0.0004330000041801509;0.00026800000259488374;0.00027200000136623584;0.0005110000026017938;0.0005250000025207082;0.0003270000012167989;0.0004210000021480257;0.00042800000144289577;0.0004310000022829002;-0.0002990000010915979;-0.0005260000022360758;-5.700000018339345e-05;-0.00026600000117849617;-5.4000000240923924e-05;-5.2000000074954674e-05;-0.00015200000062226733;-0.0006450000013711697;-0.0027460000022488376;-0.00021900000085948608;-0.00026000000056476295
60;0.0002320000001454897;0.00030100000031966275;0.0005190000002881316;0.00023100000056898163;0.0003450000008407391;0.0004690000005400838;0.00033300000116182955;-4.7000000165558895e-05;3.00000000748762e-06;0.00016200000059000207;0.00040300000147877217;0.0004100000014464215;0.00014300000060737497;0.0003930000016064553;0.0003540000014647962;0.0002640000011357903;0.0004510000019559632;0.0003350000021453155;4.4000000231991095e-05;0.00027800000166024294;0.0004410000022872169;0.00045900000278694265;0.0002750000018187983;8.000000042288e-05;0.0003900000035433765;0.0004540000023932259;0.0003870000022203719;0.0005910000034769705;0.00020400000189729149;0.0003240000029285169;0.00032100000300550215;9.600000048760605e-05;0.00016600000154058238;0.00037100000311799086;-0.00028600000250371356;0.00043300000418953366;0.00026800000259245024;0.00027200000137189245;0.000511000002620975;0.0005250000025351214;0.0003270000011940454;0.000421000002146791;0.0004280000014490594;0.00043100000229096425;-0.0004630000016449532;-0.0003780000016876587;-4.5000000144474774e-05;-0.0002660000011947317;-0.00015300000067637414;-5.2000000065939696e-05;-0.0001520000006089244;-0.0003080000007036054;-0.0028610000022298273;-0.0002190000008544533;-0.00037900000085408926
61;0.00023200000026223197;0.00030100000072877896;0.0005190000006168944;0.00023100000122626107;0.0003450000018446335;0.00046900000115249646;0.0003330000025965061;-4.700000035964962e-05;3.0000000283144455e-06;0.0001620000012920238;0.0004030000032279553;0.0004100000032462975;0.0001430000013381817;0.00039300000362988276;0.0003540000033238407;0.0002640000025137922;0.0004510000042996728;0.0003350000048830488;4.400000052119571e-05;0.0002780000038641321;0.0004410000053099113;0.0004590000064216965;0.0002750000041416474;8.00000010460026e-05;0.0003900000074759005;0.0004540000063861191;0.00038700000538756976;0.0005910000084032601;0.00020400000400523413;0.00032400000618920937;0.00032100000632524463;9.600000132799944e-05;0.000166000003233046;0.00037100000667817626;-0.0002860000053232027;0.0004330000088013645;0.0002680000054388599;0.00027200000384739717;0.0005110000075528469;0.0005250000076166451;0.0003270000043664127;0.0004210000062068601;0.0004280000057639116;0.0004310000061395349;-0.00046300000606589825;-6.1000000809806024e-05;-0.00015200000199770935;-0.0001700000022807562;-0.000153000002051324;-5.200000062519438e-05;-5.3000000711639454e-05;-0.0003080000038098851;-0.00041800000491301875;-4.800000064720439e-05;-0.0001740000021240962
62;0.00023200000011380147;0.0003010000001983997;0.0005190000002365959;0.00023100000024961893;0.0003450000003738039;0.0004690000003452583;0.00033300000040830475;-4.7000000052850665e-05;3.000000014675455e-06;0.000162000000234038;0.00040300000061886513;0.00041000000057179927;0.00014300000016173231;0.0003930000003549524;0.00035400000040032684;0.000264000000334917;0.00045100000060999216;0.00033500000015009544;0.0002149999997420287;0.00027799999990472577;0.00044099999970071844;0.0004589999999412653;0.000275000000267586;7.999999976062017e-05;0.00039000000191184974;0.0004539999956074413;0.00038699999876598703;0.0005909999982964258;0.00020400000104850153;0.0003240000015661882;0.0003210000016950367;9.599999883394565e-05;0.0001660000008431181;0.00037100000139543267;-0.00028600000125687325;0.0004330000025804352;0.00026800000156284676;0.00027199999603464553;0.0005109999909707404;0.0005249999885259698;0.00032699998638586905;0.000420999992541098;0.0004279999757635128;0.0004309999955956048;-0.00023899998993272422;-6.09999989700263e-05;-0.00015199999128122206;-0.00022999999618441086;-5.399999910630966e-05;-0.0001559999795058023;-5.2999998410388664e-05;-0.00029899997574953487;-0.010759998196449676;-4.799999854535744e-05;-5.499999562076453e-05
63;0.0002320000003485467;0.0003010000009501499;0.0005190000008116215;0.00023100000163249736;0.0003450000024312762;0.0004690000014980034;0.000333000003393486;-4.7000000480537875e-05;3.0000000169677077e-06;0.0001620000016863092;0.00040300000422961583;0.0004100000042416907;0.00014300000177198055;0.0003930000047947453;0.000354000004380663;0.0002640000033237345;0.00045100000568177977;0.0003350000066217137;0.00021500000350823824;0.0002780000051810164;0.00044100000706328695;0.0004590000086376709;0.00027500000565637615;8.000000137821915e-05;0.0003900000105986576;0.00045400000851277315;0.00038700000718646727;0.0005910000111458362;0.00020400000574392904;0.0003240000087814543;0.00032100000906666354;9.600000177225573e-05;0.0001660000047443771;0.00037100000939173567;0.00030900000893701235;0.0004330000127938519;0.0003210000094732628;0.0002720000051288436;0.0005110000100460406;0.0005250000101798426;0.00032700000602076503;0.00042100000828451396;0.0004280000078256518;0.00043100000817370896;-0.00023900000434474647;-6.100000111419257e-05;-0.00023300000418571812;-0.0002180000038656067;-0.00025600000452337326;-0.0001560000025752014;-5.3000000966775583e-05;-0.00029900000511605575;-0.00033800000551544035;-4.80000008853775e-05;-5.500000093498816e-05
64;0.00023200000017713492;0.00030100000047053545;0.000519000000407496;0.00023100000081565297;0.0003450000012110978;0.0004690000007751197;0.00033300000168756504;9.20000004651476e-05;3.000000013151291e-06;0.00016200000084079093;0.0004030000021159762;0.00041000000213521745;0.00014300000087541233;0.00039300000232655216;0.0003540000021646057;0.0002640000016323966;0.00045100000278125115;0.0003350000032027146;0.00021500000165263768;0.0002780000024592669;0.0004410000033521645;0.00045900000414300754;0.0002750000027938061;8.00000006355514e-05;0.0003900000055586803;0.00045400000354674106;0.0003870000032527153;0.0005910000050760475;0.00020400000304307927;0.0003240000046081398;0.00032100000479048674;9.600000071543235e-05;0.00016600000252848862;0.00037100000485557744;0.0003090000047662891;0.0004330000068775541;0.00032100000508318495;0.0002720000020215285;0.0005110000038581485;0.0005250000037398304;0.0003270000014980063;0.00042100000317390313;0.00042800000235281217;0.00043100000338160247;-0.003050000012234418;-4.900000033475761e-05;-0.0002330000012479835;-0.0002180000015076763;-0.00025600000173297026;-0.00020600000093793443;-5.300000033341809e-05;-0.00020100000101821696;-0.000503000002260108;-4.800000031648209e-05;-5.500000027845858e-05
65;0.00023200000018909134;0.00030100000055761244;0.0005190000004635024;0.0002310000009467151;0.000345000001406429;0.00046900000087862895;0.0003330000019523618;9.200000054502025e-05;3.000000021861668e-06;0.00016200000097507235;0.000403000002443096;0.00041000000248403136;0.0002870000020451894;0.0003930000027131126;0.0003540000025236096;0.00026400000188780113;0.0004510000032288008;0.00033500000370338554;0.00021500000192383747;0.0002780000028740492;0.0004410000039373266;0.0004590000047927066;0.0002750000031839954;8.000000073825964e-05;0.0003900000063515489;0.00045400000420110136;0.0003870000038188189;0.0005910000059473234;0.00020400000344448886;0.0003240000052303881;0.0003210000054528657;9.600000085845948e-05;0.00016600000284295365;0.00037100000550392367;0.0003090000053967974;0.0004330000077962993;0.00032100000574048767;0.00027200000242442573;0.0005110000046336773;0.0005250000045251706;0.0003270000019165741;0.00042100000381077146;0.00042800000299432836;0.00043100000402784665;-0.002990000015429408;-8.60000007219825e-05;-4.500000032760744e-05;-0.00021800000183940245;-5.4000000451517605e-05;-0.0002060000012183512;-5.300000039196906e-05;-0.00020100000128266148;-0.0005030000028968081;-4.800000036407839e-05;-5.500000033926024e-05
66;0.00023200000038509864;0.0003010000010483902;0.0005190000008726052;0.00023100000179110007;0.00034500000267688333;0.00046900000165520594;0.0003330000037383282;9.200000103758907e-05;3.000000017067986e-06;0.00016200000186781177;0.00040300000467885353;0.00041000000471876926;0.0002870000039547362;0.00039300000527420236;0.0003540000048822986;0.00026400000365591923;0.00045100000626842383;0.0003350000072407765;0.00021500000385957636;0.00027800000566976965;0.00044100000775284365;0.0004590000094487191;0.0002750000061846058;8.000000152505564e-05;0.00039000001147570314;0.0004540000093630289;0.0003870000078771379;0.0005910000122211986;0.00020400000619648435;0.00032400000950786375;0.00032100000979019643;9.600000195539294e-05;0.00016600000513264463;0.0003710000101643556;0.00030900000966724566;0.00043300001381876136;0.0003210000102489049;0.0002720000056636876;0.000511000011082768;0.0005250000112153707;0.00032700000665864275;0.00042100000911468154;0.00042800000883851607;0.0004310000089990587;-0.00034300000686181975;-8.600000169571832e-05;-4.500000092918718e-05;-0.0002860000056704057;-5.400000107467245e-05;-5.2000000984839926e-05;-0.00015200000306404845;-0.00021200000404742229;-0.00027700000516394854;-4.8000000971037745e-05;-0.0002600000048902568
67;0.0002320000003514977;0.00030100000094856626;0.0005190000008003734;0.00023100000162659575;0.0003450000024452407;0.0004690000015137261;0.0003330000034281447;9.200000095677361e-05;3.000000039855289e-06;0.0001620000017158576;0.00040300000428034467;0.0004100000043295443;0.00028700000361326424;0.0003930000048324047;0.0003540000044505685;0.00026400000335194054;0.00045100000571804356;0.0003350000065780214;0.00021500000350438604;0.00027800000514766195;0.00044100000705907206;0.0004590000085985587;0.00027500000565066463;8.000000138241376e-05;0.00039000001057401827;0.00045400000837490383;0.0003870000071344284;0.0005910000110700958;0.00020400000573360188;0.00032400000876063205;0.0003210000090495102;9.600000175353021e-05;0.00016600000472614322;0.00037100000934028545;0.00030900000892553374;0.00043300001274237606;0.00032100000946069194;0.00027200000503959927;0.000511000009881779;0.0005250000100073949;0.00032700000592578496;0.00042100000814636936;0.0004280000078492798;0.00043100000807281245;-0.00034300000609059964;-0.00027900000477204366;-5.7000001043098045e-05;-0.00029800000513593696;-0.00015300000263585215;-5.2000000865703766e-05;-5.300000095384446e-05;-0.000229000003886017;-0.0002220000036989989;-0.00021900000387949033;-0.0002600000043408312
68;0.0002320000001381633;0.00030100000036329164;0.0005190000003195933;0.0002310000005971396;0.00034500000090556245;0.0004690000005845258;0.00033300000128328887;9.200000035660256e-05;3.000000011835687e-06;0.0001620000006493336;0.0004030000016062072;0.00041000000162120273;0.0002870000013314748;0.00039300000174609146;0.00035400000161849726;0.0002640000012379764;0.0004510000020807206;0.0003350000023831397;0.00021500000120635077;0.0002780000018191581;0.0004410000024684876;0.0004590000030609288;0.00027500000206941784;8.000000045939991e-05;0.0003900000042989478;0.0004540000024323826;0.000387000002344189;0.0005910000036634492;0.00020400000234797248;0.00032400000353432416;0.0003210000037094285;9.600000048707912e-05;0.00016600000195092236;0.0003710000036964273;0.000309000003684923;0.0004330000053517226;0.00032100000392495595;0.00027200000134501156;0.0005110000026495757;0.0005250000026780194;0.00032700000155909273;0.00042100000219759246;0.00042800000211875016;0.000431000002311121;-0.0003550000016442582;-0.0002460000007157336;-5.700000028388927e-05;-0.004600000010180513;-0.00015300000038138856;-5.2000000231223376e-05;-5.300000025005321e-05;-0.00022900000103967788;-0.00017400000076814602;-0.00021900000099246063;-5.50000002412611e-05
69;0.00023200000015488267;0.00030100000039619317;0.0005190000003339255;0.0002310000006728206;0.0003450000009997696;0.0004690000006281956;0.00033300000139062976;9.20000004044241e-05;2.9999999933468574e-06;0.00016200000070316342;0.00040300000174454346;0.0004100000017729828;0.00028700000143657583;0.00039300000191341676;0.0003540000017843723;0.0002640000013418817;0.0004510000022913929;0.00033500000260626493;0.00021500000133227128;0.00027800000201235896;0.00044100000270732247;0.0004590000033521344;0.00027500000227294297;8.000000050235951e-05;0.0003900000046307181;0.000454000002727378;0.0003870000025921935;0.0005910000040507525;0.00020400000253532758;0.0003240000038264834;0.0003210000039984241;9.600000052696452e-05;0.00016600000208904833;0.0003710000039943472;0.0003090000039833024;0.00043300000572434543;0.0003210000042479395;0.00027200000151951346;0.000511000003019472;0.0005250000030712789;0.0003270000018612154;0.00042100000248098074;0.00042800000246141296;0.0004310000026168943;-0.0001910000010566153;-0.0003700000011790922;-5.7000000323337585e-05;-0.004600000012238532;-5.400000015543492e-05;-5.200000027642686e-05;-5.300000029934375e-05;-0.00022900000119940647;-0.00017400000089921164;-4.800000024908516e-05;-5.5000000288738185e-05
70;0.00023200000022460216;0.00030100000061815906;0.0005190000005201042;0.0002310000010261142;0.00034500000153624117;0.0004690000009736884;0.0003330000021629358;9.200000060413796e-05;3.0000000226349007e-06;0.00016200000107854557;0.00040300000271008946;0.00041000000274480524;0.00028700000228459714;0.0003930000030137091;0.00035400000277057575;0.00026400000210405686;0.00045100000360179314;0.0003350000041114679;0.00021500000214993954;0.0002780000031993158;0.00044100000432779695;0.00045900000533489;0.0002750000035369527;8.000000081759e-05;0.00039000000696228957;0.0004540000047733767;0.00038700000427335145;0.0005910000066525253;0.00020400000380573153;0.0003240000057453676;0.00032100000598628427;9.600000097815177e-05;0.0001660000031475991;0.0003710000060647833;0.00030900000593355907;0.0004330000085566288;0.00032100000629595865;0.000272000002784056;0.0005110000054622891;0.0005250000055352616;0.0003270000033199443;0.0004210000045041595;0.0004280000043444333;0.00043100000457055554;-0.00019100000190272974;-0.00021000000165414845;-0.00024500000242048053;-0.0026170000190505263;-5.4000000403076774e-05;-0.00015600000143835816;-5.300000052916487e-05;-5.200000050529767e-05;-0.00017400000158776315;-4.8000000479094616e-05;-0.00017400000162796735
71;0.0002320000001013472;0.0003010000003009055;0.0005190000002520551;0.00023100000049577324;0.00034500000075187267;0.0004690000004875842;0.00033300000103016376;9.200000029195708e-05;3.0000000086521037e-06;0.00016200000052318502;0.00040300000131570214;0.000410000001325793;0.0002870000010738808;0.0003930000014301889;0.00035400000130414515;0.00026400000100152197;0.00045100000168644234;0.00033500000193827366;0.0002150000009595514;0.00027800000144706305;0.00044100000193602354;0.0004590000024526016;0.0002750000016777048;8.000000036683485e-05;0.00039000000357673;0.00045400000183563064;0.00038700000184468296;0.0005910000028959213;0.00020400000194847434;0.0003240000029527477;0.0003210000030801933;9.600000036609831e-05;0.00016600000161022123;0.00037100000307454335;0.00030900000307855616;0.0004330000044180893;0.00032100000328507067;0.00027200000099206586;0.0005110000018647192;0.0005250000018134616;0.0003270000006189489;0.00042100000154487543;0.0004280000010903438;0.00043100000174118246;-0.002942000004511463;-8.600000022292273e-05;-0.0002450000005862675;-0.002617000005728889;-5.40000001267763e-05;-0.00031000000063451637;-0.00015200000041767922;-5.2000000118368474e-05;-0.00013900000029574264;-4.800000015066632e-05;-0.00017400000037625033
72;0.0002320000001055766;0.00030100000031820493;0.0005190000002817591;0.00023100000049354176;0.0003450000007508176;0.00046900000046832564;0.00033300000103556943;9.200000029509808e-05;3.0000000144957187e-06;0.00016200000052572942;0.00040300000132175893;0.0004100000013291187;0.0002870000010831202;0.0003930000014271884;0.000354000001325824;0.0002640000010083875;0.00045100000169358045;0.0003350000019474813;0.00021500000096527543;0.000278000001490672;0.00044100000197779226;0.0004590000024681408;0.0002750000017191395;8.000000035547904e-05;0.00039000000357895055;0.00045400000185100023;0.00038700000185815374;0.0005910000029155254;0.00020400000195963016;0.000324000002972167;0.0003210000031134479;9.600000038223668e-05;0.00016600000164398906;0.00037100000307140795;0.0003090000030989629;0.0004330000044874115;0.0003210000033129921;0.00027200000099504297;0.0005110000018885051;0.0005250000018274158;0.00032700000065755613;0.00042100000155832057;0.00042800000115065286;0.0004310000017535829;-0.0030780000048348808;-4.9000000177196784e-05;-0.0001520000003873109;-0.0026170000056520227;-0.00025600000058799264;-0.00020600000046325982;-0.0001520000004504157;-5.200000011032368e-05;-0.00013900000031551613;-4.800000013272576e-05;-5.500000013786588e-05
73;0.00023200000022273527;0.0003010000005491524;0.0005190000004696776;0.0002310000009422002;0.00034500000141897674;0.00046900000088006627;0.000333000001981807;9.200000054812765e-05;-0.00044700000243137923;0.00016200000098288262;0.00040300000245568646;0.00041000000247860943;0.0002870000020976057;0.00039300000275649275;0.0003540000025781966;0.0002640000019295397;0.00045100000329273816;0.0003350000038543246;0.0002150000019875073;0.00027800000294944964;0.0004410000040075161;0.00045900000496795193;0.00027500000332687997;8.000000077321844e-05;0.00039000000652805744;0.00045400000444922243;0.0003870000039788171;0.0005910000061958707;0.0002040000035601705;0.0003240000054167273;0.00032100000563713263;9.600000091619052e-05;0.00016600000293550915;0.0003710000057135356;0.0003090000055805448;0.0004330000079801624;0.0003210000059382575;0.00027200000259292213;0.0005110000051333937;0.0005250000052208591;0.00032700000316125395;0.0004210000042156331;0.00042800000421319473;0.00043100000425466055;-0.00021700000205054896;-8.600000061903991e-05;-4.500000044425878e-05;-0.0026170000173820784;-0.00035500000242081903;-5.20000004556941e-05;-5.3000000500021297e-05;-5.2000000498434915e-05;-0.0003460000030151706;-4.800000047306448e-05;-5.5000000503213914e-05
74;0.0002320000004307738;0.0003010000012094846;0.0005190000009860535;0.00023100000207747342;0.00034500000310354215;0.00046900000191070376;0.0003330000043550341;9.200000122541698e-05;3.0000000215189873e-06;0.00016200000216706197;0.0004030000054248939;0.0004100000054768059;0.00028700000462085544;0.0003930000061438658;0.0003540000056722566;0.00026400000425566187;0.00045100000723512907;0.00033500000841528123;0.000215000004541372;0.0002780000066071785;0.00044100000910950556;0.00045900001101764637;0.0002750000071617842;8.000000179572456e-05;0.0003900000131641291;0.00045400001120717855;0.00038700000929696557;0.0005910000143989018;0.0002040000071181577;0.0003240000109140014;0.0003210000112271554;9.60000023675871e-05;0.00016600000586318092;0.0003710000117021186;0.0003090000110438629;0.000433000015804515;0.0003210000117067508;0.00027200000684660087;0.0005110000134463831;0.0005250000137016934;0.0003270000083619516;0.00042100001107035426;0.00042800001109829096;0.00043100001078117875;-0.00021700000549183;-8.600000207470728e-05;-4.500000116694021e-05;-0.0001180000028640433;-0.00015300000369338076;-5.200000124887185e-05;-5.300000131199231e-05;-5.200000131671457e-05;-0.00033400000790929154;-4.800000118767851e-05;-5.5000001349466696e-05
75;0.00023200000042494627;0.0003010000011477433;0.0005190000009420297;0.00023100000196513317;0.0003450000029317768;0.0004690000018122706;0.00033300000412569796;9.200000114392164e-05;3.0000000331163494e-06;0.00016200000206141628;0.0004030000051425536;0.00041000000516910965;0.0002870000043597651;0.00039300000581655455;0.0003540000053664164;0.00026400000401060236;0.00045100000685867944;0.00033500000794376957;0.00021500000426808493;0.0002780000062267914;0.00044100000857646613;0.0004590000104064706;0.0002750000067810232;8.000000169455527e-05;0.0003900000125118233;0.00045400001047079614;0.0003870000087217961;0.0005910000135461275;0.00020400000677000667;0.00032400001036298685;0.0003210000106569484;9.600000220534417e-05;0.00016600000557710404;0.0003710000111077551;0.0003090000105069361;0.0004330000150959885;0.0003210000111476872;0.0002720000063819157;0.000511000012560336;0.0005250000128341194;0.00032700000796821374;0.0004210000103406001;0.0004280000105112163;0.0004310000100714419;-5.300000127331075e-05;-0.0005150000110889127;-4.50000010958278e-05;-0.00022600000493331048;-5.400000118415159e-05;-5.200000119869768e-05;-5.3000001229689264e-05;-5.200000121016983e-05;-8.800000202787102e-05;-4.80000011093917e-05;-0.0002600000059622723
76;0.0002320000003669382;0.0003010000010465614;0.0005190000008243253;0.0002310000017518083;0.0003450000026049527;0.0004690000015894123;0.00033300000365283223;9.200000102629999e-05;3.0000000324730257e-06;0.00016200000182668445;0.00040300000457023106;0.00041000000461874434;0.0002870000038952764;0.00039300000515465113;0.0003540000047571312;0.00026400000356790657;0.00045100000610041023;0.00033500000704763197;0.00021500000375994778;0.00027800000552125965;0.0004410000075647774;0.00045900000922398517;0.00027500000605004313;8.000000147179055e-05;0.00039000001124466725;0.00045400000911540627;0.00038700000767631046;0.000591000011908086;0.00020400000608007505;0.0003240000092860236;0.00032100000958968364;9.600000190207854e-05;0.00016600000499439018;0.0003710000099543728;0.00030900000946624287;0.00043300001354961207;0.00032100001003074327;0.00027200000549403936;0.0005110000107970212;0.0005250000110071909;0.00032700000673968225;0.00042100000890073945;0.00042800000874756327;0.00043100000873346237;-5.300000106913686e-05;-0.0005150000093855147;-0.00021500000430350747;-0.0004030000074362064;-5.40000009947131e-05;-5.2000001002105866e-05;-5.30000010703482e-05;-5.200000099706883e-05;-8.80000016930687e-05;-4.8000000958665494e-05;-0.0003790000071540643
77;0.00023200000037192108;0.0003010000009862577;0.0005190000008239484;0.00023100000166873362;0.00034500000249298925;0.0004690000015256843;0.00033300000346471215;9.200000096845738e-05;3.000000031512074e-06;0.0001620000017338225;0.000403000004333586;0.0004100000043734799;0.00028700000366474546;0.0003930000048687634;0.0003540000045199548;0.00026400000337460465;0.00045100000576777695;0.0003350000066864187;0.00021500000355544337;0.0002780000052271515;0.0004410000071596189;0.0004590000087039858;0.0002750000056988316;8.000000138997394e-05;0.00039000001069170744;0.0004540000085033393;0.00038700000723503915;0.0005910000112218849;0.00020400000578297227;0.00032400000887269984;0.000321000009133024;9.6000001786882e-05;0.00016600000478499705;0.00037100000943999747;0.00030900000901208457;0.0004330000129134296;0.0003210000095616585;0.0002720000051294662;0.0005110000100463655;0.000525000010179329;0.00032700000613425487;0.0004210000082388629;0.0004280000077841586;0.00043100000818782326;-5.300000098090452e-05;-0.0006060000103677302;-0.0003360000059754286;-0.00011800000206991466;-5.40000009491557e-05;-0.00020600000344435824;-5.3000000962037606e-05;-0.00038900000655784473;-8.80000014833167e-05;-4.800000087959335e-05;-0.00017400000290685358
78;0.00023200000035096538;0.00030100000091820106;0.000519000000768115;0.00023100000156847065;0.00034500000236226916;0.00046900000145635475;0.0003330000032958454;9.200000091949584e-05;3.0000000197553626e-06;0.00016200000164353766;0.00040300000411694413;0.0004100000041667761;0.00028700000348805174;0.0003930000046263752;0.00035400000428978677;0.00026400000322367905;0.0004510000054789343;0.0003350000063214156;0.00021500000336033875;0.0002780000049530537;0.00044100000677272267;0.00045900000826611825;0.0002750000054304623;8.000000130753773e-05;0.00039000001019109037;0.0004540000080011795;0.0003870000068381325;0.0005910000106131397;0.00020400000553839271;0.0003240000084637167;0.0003210000087410824;9.600000167141319e-05;0.00016600000457104764;0.0003710000090124621;0.00030900000861351987;0.00043300001232685526;0.00032100000913812206;0.0002720000048107666;0.0005110000094033262;0.0005250000094917526;0.00032700000569110745;0.0004210000077415303;0.0004280000071387104;0.00043100000768246704;-5.3000000909646504e-05;-0.000606000009734016;-0.0005240000084991079;-0.00011800000194339108;-5.4000000880529114e-05;-0.000319000004902988;-5.300000091390875e-05;-0.00022900000365416487;-8.800000136535986e-05;-0.0002190000036794738;-5.500000087362729e-05
79;0.00023200000039003203;0.0003010000010637532;0.0005190000008846248;0.0002310000018013311;0.0003450000027130251;0.0004690000016676404;0.00033300000380812446;9.200000106450813e-05;3.0000000372792393e-06;0.00016200000189955433;0.0004030000047510495;0.0004100000048078843;0.00028700000401512215;0.00039300000538492814;0.0003540000049523074;0.0002640000037100061;0.000451000006337737;0.00033500000734252547;0.00021500000392881804;0.00027800000574390674;0.000441000007891278;0.00045900000959940367;0.0002750000062768075;8.000000154223575e-05;0.0003900000116025215;0.0004540000095300857;0.00038700000801189467;0.0005910000124327119;0.00020400000629741409;0.0003240000096370886;0.00032100000993969994;9.600000199178008e-05;0.00016600000519738587;0.0003710000103178023;0.0003090000097988384;0.0004330000140253041;0.00032100001038047404;0.00027200000578043716;0.0005110000113327601;0.0005250000115121045;0.0003270000070365833;0.00042100000931556307;0.00042800000899440434;0.0004310000091535301;-5.300000115133311e-05;-0.00048200000943518506;-0.0005240000107265398;-0.00011800000236435807;-5.4000001077605485e-05;-6.100000123521201e-05;-5.300000111065733e-05;-5.2000001093875245e-05;-8.000000163147907e-05;-0.00021900000451560706;-5.500000112903556e-05
80;0.00023200000013412036;0.00030100000036017863;0.0005190000002931049;0.00023100000059803028;0.0003450000009126504;0.00046900000057300515;0.0003330000012620652;9.200000034968662e-05;3.0000000377616267e-06;0.00016200000062496572;0.0004030000015862177;0.0004100000016050857;0.0002870000013147267;0.0003930000017229414;0.0003540000016107639;0.0002640000012176313;0.0004510000021016341;0.00033500000198333283;0.00021500000117720826;0.00027800000166135696;0.0004410000024482928;0.0004590000027915259;0.0002750000016530093;8.000000046712236e-05;0.00039000000228899245;0.00045400000296124846;0.0003870000024937238;0.0005910000038898266;0.00020400000086953136;0.00032400000190507296;-0.0030970000114498787;9.600000062446888e-05;0.0001660000009467322;0.0003710000021850376;0.000309000001769772;0.0004330000025576227;0.00032100000189047475;0.0002720000017933076;0.0005110000035823707;0.0005250000036443608;0.0003270000022125754;0.0004210000029592169;0.00042800000284588026;0.00043100000285516707;-5.300000037169886e-05;-0.00034500000195151977;-0.0003360000021424231;-0.0006130000034534845;-0.00015300000086580117;-6.1000000362817454e-05;-5.3000000358432685e-05;-5.200000032159225e-05;-0.000245000001471642;-4.8000000301332325e-05;-5.500000034788217e-05
81;0.00023200000023898215;0.00030100000059265824;0.00051900000051833;0.00023100000097552823;0.0003450000014657683;0.0004690000009089372;0.0003330000020575992;9.200000057328458e-05;3.0000000245366616e-06;0.0001620000010280271;0.000403000002572515;0.0004100000025846272;0.0002870000021511332;0.00039300000284996203;0.0003540000026395521;0.0002640000019759942;0.0004510000033927614;0.0003350000039018209;0.00021500000201971013;0.0002780000030064866;0.00044100000409414184;0.00045900000502767477;0.0002750000033507851;8.000000079662369e-05;0.00039000000660216884;0.000454000004458866;0.00038700000402007374;0.0005910000062517903;0.0002040000035875224;0.0003240000054587087;0.00032100000567051933;9.600000091818461e-05;0.0001660000029820642;0.0003710000057870376;0.0003090000056212411;0.00043300000808753965;0.00032100000599123956;0.00027200000257655366;0.0005110000049297592;0.0005250000048224297;0.00032700000205097536;0.0004210000040534274;0.0004280000031554943;0.0004310000042586069;-0.0030780000169457864;-4.900000047099087e-05;-0.0003360000024092004;-4.6000000433727625e-05;-5.4000000497167016e-05;-6.100000040628013e-05;-0.00015200000121207553;-5.200000035664884e-05;-0.0002450000016455621;-4.800000038700778e-05;-0.00016100000111684133
82;0.00023200000022227137;0.00030100000058930806;0.0005190000004807114;0.0002310000009714282;0.0003450000014685341;0.0004690000009117905;0.0003330000020462829;9.200000057064106e-05;3.0000000131578717e-06;0.00016200000101769903;0.00040300000255483084;0.00041000000257274214;0.0002870000021321457;0.0003930000028404712;0.0003540000026416621;0.0002640000019824572;0.0004510000033971284;0.00033500000386431085;0.00021500000200881756;0.00027800000298095867;0.0004410000040606729;0.00045900000501116037;0.0002750000033426622;8.000000077643438e-05;0.0003900000065925568;0.0004540000044220587;0.00038700000398573045;0.000591000006223117;0.00020400000359007732;0.00032400000544645466;0.0003210000056563435;9.600000091706009e-05;0.0001660000029814882;0.0003710000057269531;0.00030900000560463153;0.0004330000079949536;0.0003210000059710471;0.00027200000257252894;0.0005110000049081746;0.0005250000047795293;0.00032700000203517333;0.00042100000404559165;0.00042800000314767737;0.00043100000424348703;-0.00307800001686803;-4.9000000447513796e-05;-0.00034800000248870635;-4.6000000439590665e-05;-5.400000049211638e-05;-9.600000064683609e-05;-0.00015200000121743702;-5.200000035558296e-05;-8.000000054279264e-05;-6.100000049656305e-05;-0.00028000000190096477
83;0.00023200000040068014;0.0003010000011419572;0.0005190000009437476;0.00023100000193593433;0.0003450000029075666;0.00046900000178244026;0.0003330000040628025;9.200000113734303e-05;3.0000000318770762e-06;0.00016200000201661846;0.0004030000050603042;0.00041000000512427263;0.00028700000427999897;0.00039300000574130284;0.00035400000529616274;0.00026400000395394266;0.00045100000674267853;0.0003350000078503856;0.00021500000421381836;0.00027800000615715186;0.00044100000843111864;0.000459000010280189;0.0002750000066954642;8.000000165170223e-05;0.00039000001236161796;0.0004540000103183765;0.0003870000086090413;0.0005910000133691351;0.0002040000066815909;0.0003240000102154863;0.0003210000105394973;9.600000218172944e-05;0.00016600000552034167;0.0003710000109488431;0.0003090000103914031;0.0004330000148621978;0.0003210000110005484;0.0002720000062634389;0.0005110000122869685;0.0005250000124483132;0.0003270000074093392;0.00042100001009894326;0.00042800000963265713;0.0004310000099121557;-0.00032700000728393483;-4.900000107723139e-05;-0.00034800000766339276;-4.600000104523802e-05;-5.400000121995522e-05;-9.600000204796088e-05;-5.30000011973091e-05;-5.2000001130896304e-05;-8.00000016995259e-05;-6.1000001357756733e-05;-0.00032300000681614974
84;0.00023200000037557373;0.0003010000010292245;0.0005190000008447706;0.00023100000171908901;0.0003450000025885891;0.0004690000015915951;0.00033300000362339576;9.200000101032044e-05;3.000000029000761e-06;0.00016200000180022035;0.00040300000451314586;0.0004100000045653364;0.0002870000038301664;0.0003930000050813074;0.000354000004688518;0.0002640000035165631;0.00045100000601377266;0.0003350000069621481;0.00021500000371002133;0.000278000005443149;0.00044100000749505583;0.0004590000090850825;0.0002750000059501858;8.00000014462094e-05;0.00039000001107523783;0.0004540000089360619;0.00038700000755920893;0.0005910000117468945;0.00020400000600244366;0.00032400000920555994;0.0003210000094765343;9.600000187567968e-05;0.0001660000049489131;0.0003710000098112792;0.0003090000093565897;0.00043300001339886205;0.0003210000099146676;0.00027200000540319644;0.0005110000105841312;0.0005250000107001654;0.00032700000634676603;0.00042100000872050364;0.00042800000817798476;0.0004310000086068583;-0.0003150000060071164;-0.00024200000449757235;-0.000426000007952152;-4.600000088028298e-05;-0.0002560000047737423;-0.00020600000367202362;-5.300000102041549e-05;-0.00022900000418434914;-8.000000143293268e-05;-4.8000000928820966e-05;-5.5000001002847106e-05
85;0.00023200000016417296;0.00030100000044930606;0.0005190000004017816;0.0002310000007552896;0.000345000001129938;0.0004690000007030147;0.00033300000156496427;9.200000044161952e-05;3.0000000038993103e-06;0.0001620000007992821;0.0004030000019888236;0.0004100000019949977;0.0002870000016465238;0.00039300000219058914;0.00035400000201861584;0.00026400000151888026;0.0004510000026064069;0.0003350000029660511;0.0002150000015187825;0.00027800000227607064;0.0004410000030720308;0.00045900000382251407;0.0002750000025702049;8.000000059197395e-05;0.0003900000051671507;0.000454000003192526;0.0003870000029939565;0.0005910000046513639;0.00020400000281671878;0.000324000004299296;0.0003210000044815238;9.600000065170401e-05;0.0001660000023488268;0.00037100000452570665;0.0003090000044530188;0.0004330000064454959;0.0003210000047353241;0.0002720000018197938;0.0005110000034330239;0.0005250000033067249;0.00032700000125987267;0.0004210000028211723;0.00042800000203095624;0.0004310000030425813;-0.003290000010650027;-0.00020900000128816146;-0.0001520000006974137;-4.6000000271864725e-05;-0.0002560000015453664;-0.0006320000023320725;-5.300000027186036e-05;-0.00022900000096569802;-0.00019500000073443375;-0.00021900000115562902;-5.50000002199818e-05
86;0.00023200000005228237;0.00030100000008815496;0.0005190000001278976;0.00023100000004604547;0.0003450000000716932;0.0004690000001591274;0.00033299999999507736;9.20000000162876e-05;2.99999999918706e-06;0.00016200000002686784;0.0004030000000906025;0.0004100000000729674;0.0002869999998886369;0.00039299999974987706;0.0003539999998647744;0.000263999999932105;0.0004509999998601561;0.0003349999994230007;0.00021499999930776477;0.00027799999929218564;0.00044099999882275673;0.0004589999988959926;0.0002749999996746605;7.999999958300597e-05;0.0003900000011782516;0.0004539999942884517;0.00038699999777334784;0.0005909999967603347;0.00020400000072670328;0.0003240000009733153;0.0003210000011674484;9.59999985516559e-05;0.0001660000006118194;0.0003710000006694347;0.00030900000127683983;0.0004330000019155126;0.00032100000140768863;0.0002719999951777638;0.0005109999892675073;0.00052499998675089;0.00032699997708874977;0.00042099999113790176;0.0004279999808124862;0.0004309999943088008;-0.012208998954901563;-0.0003329999932979597;-4.499999796446019e-05;-4.599999908337307e-05;-0.0001529999969476351;-0.00031599998468158927;-5.2999998196304644e-05;-0.00021199998975978004;-0.00019499999058496682;-0.00027899999044525586;-5.49999973994273e-05
87;0.00023200000020314447;0.0003010000005661105;0.0005190000004847227;0.0002310000009325296;0.000345000001411265;0.0004690000008918625;0.00033300000195768376;9.200000054721985e-05;3.0000000120294197e-06;0.00016200000098181463;0.0004030000024609959;0.00041000000248460187;0.0002870000020537167;0.0003930000027382811;0.00035400000254834065;0.00026400000192630565;0.00045100000323090525;0.0003350000037276402;0.0002150000019332677;0.00027800000288472635;0.000441000003909671;0.00045900000481329233;0.000275000003219353;8.000000074841508e-05;0.00039000000634636516;0.00045400000421843927;0.0003870000038367221;0.0005910000059757684;0.00020400000345334864;0.0003240000052764535;0.00032100000547593665;9.600000086505379e-05;0.0001660000028720866;0.000371000005554685;0.00030900000541984006;0.00043300000777113487;0.00032100000577507735;0.00027200000244028837;0.0005110000046764574;0.0005250000045670148;0.00032700000257439635;0.0004210000038427685;0.000428000003423601;0.0004310000040343627;-0.0002490000019093153;-0.0002090000017725309;-4.500000035139807e-05;-4.600000038837196e-05;-0.00015300000128437043;-0.0001620000011357001;-5.30000003257188e-05;-5.200000037994422e-05;-0.00019500000136473623;-0.0030100000156336676;-0.0002600000018452671
88;0.00023200000020524194;0.00030100000057977315;0.00051900000046693;0.0002310000009567266;0.0003450000014292399;0.00046900000090633687;0.00033300000199736095;9.200000055784172e-05;3.0000000073865356e-06;0.00016200000100109922;0.00040300000249011666;0.00041000000250841166;0.00028700000206636085;0.00039300000277377764;0.0003540000025697902;0.00026400000193160724;0.000451000003267326;0.0003350000037757789;0.00021500000195509225;0.0002780000029099527;0.00044100000393305585;0.0004590000048704078;0.0002750000032585551;8.000000075616356e-05;0.0003900000064322816;0.0004540000042794431;0.00038700000386874184;0.0005910000060523499;0.00020400000349498785;0.0003240000053085347;0.00032100000552306367;9.600000090289292e-05;0.00016600000288152352;0.0003710000055946277;0.0003090000054698812;0.00043300000785570074;0.00032100000581420263;0.0002720000024826339;0.0005110000047171143;0.0005250000045994738;0.00032700000255406805;0.00042100000388684434;0.00042800000327647533;0.00043100000410647;-0.0001890000014440418;-4.9000000463208084e-05;-0.00023300000173325395;-4.600000040487932e-05;-5.4000000465227355e-05;-0.00027500000182390275;-5.300000033702137e-05;-5.2000000350344655e-05;-0.00022600000149061537;-0.002839000015121999;-0.0003790000025671939
89;0.00023200000016613815;0.0003010000004943755;0.000519000000422048;0.00023100000082830802;0.0003450000012372409;0.0004690000007687498;0.00033300000170910065;9.200000048247432e-05;-0.00043800000206580377;0.00016200000085149694;0.00040300000213898857;0.00041000000216007035;0.0002870000018125172;0.0003930000023946077;0.0003540000022432777;0.00026400000167952796;0.00045100000287772254;0.00033500000333934357;0.00021500000172221457;0.0002780000025935427;0.0004410000034991705;0.0004590000043126741;0.0002750000028779125;8.00000006472609e-05;0.00039000000575671167;0.000454000003746901;0.0003870000034201644;0.0005910000053320852;0.0002040000031594946;0.0003240000047899789;0.0003210000049735622;9.600000077963766e-05;0.00016600000260053873;0.0003710000050329747;0.00030900000493102247;0.0004330000070910489;0.00032100000525284075;0.00027200000216483553;0.0005110000041206846;0.0005250000040124588;0.00032700000217576655;0.00042100000338838705;0.00042800000286203125;0.000431000003602893;-0.00036400000237754636;-4.900000037957637e-05;-0.00023300000150441912;-0.00015400000114063455;-5.400000040621094e-05;-0.0002750000016024984;-0.00015200000082709315;-5.200000032677926e-05;-0.0002050000012023539;-0.002779000012591218;-0.00017400000105667767
90;0.00023200000009211954;0.00030100000027688686;0.0005190000002510704;0.0002310000004413089;0.00034500000067506773;0.00046900000043083697;0.00033300000090781773;9.200000026482813e-05;-0.00043800000108937026;0.00016200000046625288;0.0004030000011609718;0.00041000000117969864;0.0002870000009699511;0.0003930000012753041;0.0003540000012083377;0.00026400000089237056;0.00045100000154444655;0.0003350000017566233;0.00021500000086434115;0.00027800000135042626;0.0004410000018084829;0.0004590000022254949;0.0002750000015501323;8.000000032368424e-05;0.0003900000032738655;0.0004540000016682103;0.0003870000016759689;0.0005910000026371603;0.00020400000180452002;0.00032400000271838277;0.00032100000285873896;-0.0005660000018049688;0.00016600000150754967;0.00037100000281291187;0.0003090000028532679;0.0004330000041543284;0.0003210000030496118;0.00027200000091298973;0.0005110000016973142;0.0005250000015485083;0.00032700000051748463;0.0004210000013845677;0.0004280000009088588;0.00043100000157525345;-0.00236900000303445;-4.9000000152254964e-05;-0.00015200000032365534;-0.00015400000046959022;-5.4000000163835496e-05;-0.0001840000003257974;-0.00015200000025338554;-5.200000010808021e-05;-0.00020500000036597477;-0.0027790000028433213;-5.500000010563034e-05
91;0.00023200000009524258;0.0003010000002795787;0.0005190000002653878;0.00023100000048439841;0.00034500000073959733;0.0004690000004695744;0.00033300000098735274;9.200000028450751e-05;-0.0004380000011865836;0.00016200000051056583;0.00040300000127157354;0.00041000000127554856;0.00028700000105784206;0.00039300000138978646;0.00035400000129987393;0.00026400000098344815;0.0004510000016480084;0.0003350000019453311;0.00021500000095714023;0.00027800000146569175;0.00044100000197636486;0.0004590000024683975;0.000275000001685895;8.000000036549281e-05;0.00039000000355644295;0.0004540000018866498;0.0003870000018678186;0.0005910000029153933;0.00020400000196367195;0.00032400000291851625;0.0003210000030680133;9.60000003638496e-05;0.00016600000163532815;0.0003710000030572585;0.00030900000306415047;0.0004330000044721017;0.0003210000032842609;0.0002720000010270308;0.0005110000018761357;0.0005250000017116286;0.0003270000004762607;0.00042100000153184197;0.0004280000009365115;0.00043100000179073825;-0.003115000003144366;-4.90000001615254e-05;-0.00015200000031828498;-4.600000013959081e-05;-5.400000018237494e-05;-0.00021400000038029353;-5.300000008665297e-05;-5.200000010952438e-05;-0.00020500000035319704;-0.0027790000031017925;-5.5000000102347725e-05
92;0.00023200000006300844;0.0003010000001992068;0.0005190000001665089;0.0002310000003322426;0.0003450000004768869;0.00046900000032497075;0.0003330000006643446;9.200000018010714e-05;-0.0004380000007404951;0.0001620000003249249;0.000403000000830294;0.00041000000083398646;0.00028700000069336706;0.00039300000089173467;0.0003540000008389729;0.000264000000628521;0.0004510000010845409;0.00033500000119385167;0.00021500000056464896;0.0002780000008954166;0.0004410000011447199;0.00045900000148714807;0.00027500000106422647;8.00000001962631e-05;0.0003900000024192262;0.00045400000063968663;0.00038700000099707246;0.0005910000015855051;0.0002040000013146976;0.0003240000019867892;0.0003210000021280602;9.60000000852353e-05;0.00016600000109537503;0.00037100000205084584;0.0003090000021089833;0.0004330000030105501;0.000321000002245864;0.0002720000001671438;0.0005110000001080161;0.0005249999997259025;0.0003269999985914019;0.000421000000094868;0.0004279999984419127;0.00043100000057644613;-0.0031249999840560045;-4.9000000022513883e-05;-4.499999982260381e-05;-4.6000000028785676e-05;-0.0002560000000325141;-0.0003679999973039206;-5.2999999828224436e-05;-5.1999999728535695e-05;-0.002577999978142972;-0.0029499999871116065;-5.4999999720423855e-05
93;0.00023200000019060635;0.00030100000046769543;0.0005190000004128939;0.0002310000007892938;0.00034500000118539855;0.0004690000007616147;0.00033300000166109055;9.200000045643614e-05;-0.0004380000019780198;0.00016200000083471604;0.00040300000208585475;0.0004100000020987798;0.0002870000017672878;0.00039300000232264177;0.0003540000021742278;0.00026400000164114;0.00045100000275976823;0.00033500000324270565;0.00021500000166459418;0.0002780000025047654;0.00044100000338454036;0.0004590000041687921;0.0002750000027867985;8.000000064059003e-05;0.00039000000557149297;0.000454000003640253;0.00038700000331283745;0.0005910000051516707;0.00020400000305275732;0.00032400000460663226;0.00032100000479248476;9.600000075369988e-05;0.00016600000250311322;0.0003710000048785641;0.0003090000047810061;0.000433000006845946;0.00032100000506649214;0.0002720000020922614;0.0005110000039915475;0.0005250000039135067;0.00032700000200549563;0.00042100000329844804;0.00042800000239443865;0.0004310000034931761;-0.0003660000021423665;-0.0003660000025387005;-4.500000023934936e-05;-4.600000030294515e-05;-0.00025600000177386896;-0.0003680000010159696;-5.3000000348002396e-05;-0.00022900000097677588;-0.0027760000058663285;-0.00021900000139481708;-0.00020400000086957286
94;0.00023200000018318463;0.0002480000004309515;0.000519000000447836;0.00023100000087563765;0.0003450000013151104;0.0004690000008180181;0.00033300000181219283;9.20000005138433e-05;-0.00043800000218019127;0.0001620000008972329;0.0004030000022668963;0.00041000000230279537;0.00028700000194021235;0.0003930000025490246;0.000354000002401239;0.0002640000017887239;0.00045100000306259083;0.0003350000035606678;0.00021500000183699152;0.00012500000121662755;0.0004410000037155981;0.0004590000045727758;0.00027500000305633125;8.000000070857202e-05;0.00039000000606938555;0.00045400000412690214;0.00038700000368695447;0.0005910000057406096;0.00020400000330834508;0.00032400000500989307;0.0003210000052194561;9.60000008414292e-05;0.00016600000271521057;0.000371000005270264;0.0003090000051772654;0.00043300000740238394;0.0003210000055051843;0.00027200000240123475;0.000511000004614485;0.0005250000045176401;0.00032700000236150214;0.0004210000037946804;0.00042800000283507017;0.00043100000394876055;-0.0003260000022618137;-0.00017300000142863646;-4.5000000290205e-05;-4.600000037047629e-05;-5.400000045562869e-05;-0.00021400000078383082;-0.00015200000116307924;-0.00022900000116745972;-0.0027760000080903446;-4.800000036137097e-05;-0.0003040000015321953
95;0.00023200000011448576;0.00024800000022395314;0.0005190000002304472;0.00023100000045898496;0.000345000000674375;0.0004690000004269699;0.00033300000092420404;9.200000026093399e-05;-0.00043800000107981426;0.00016200000047141613;0.0004030000011603472;0.00041000000118273375;0.0002870000009900208;0.0003930000013002883;0.0003540000012020788;0.0002640000009043067;0.0004510000015695092;0.00033500000177523335;0.00021500000087560793;0.0001250000005968869;0.00044100000183413206;0.00045900000222776397;0.0002750000015464683;8.000000033305821e-05;0.0003900000032589123;0.00045400000163653805;0.00038700000168266673;0.0005910000026437393;0.00020400000178851004;0.00032400000269630164;0.0003210000028287031;9.600000032094737e-05;0.0001660000014770797;0.000371000002802207;0.0003090000028277037;0.0004330000040348563;0.00032100000301359545;0.0002720000008677878;0.000511000001542653;0.0005250000013679792;0.000326999999968232;0.0004210000012692399;0.0004280000001177297;0.00043100000156090376;-0.0030769999980688597;-0.00028500000076900307;-4.500000001509583e-05;-0.00015400000040571065;-5.40000001522985e-05;-0.00030899999922064786;-0.0001520000002520752;-0.00021199999977324915;-0.002834999990418707;-4.8000000085723645e-05;-0.0003789999996046356
96;0.00023200000009788999;0.0002480000002183203;0.0005190000002204128;0.00023100000045193892;0.00034500000064884213;0.000469000000393842;0.000333000000885459;9.200000023685345e-05;-0.0004380000010129225;0.00016200000044367397;0.0004030000011116435;0.0004100000011064281;0.00028700000091037685;0.0003930000011999548;0.0003540000011403392;0.0002640000008560174;0.0004510000014510091;0.00033500000166237603;0.0002150000008221728;0.00012500000055926517;0.0004410000016686267;0.00045900000207978626;0.00027500000144702714;8.00000003083994e-05;0.00039000000309566846;0.00045400000151611176;0.0003870000015755386;0.0005910000024617529;0.00020400000171665937;0.00032400000256386293;0.00032100000268755476;9.600000028579484e-05;0.00016600000141345146;0.0003710000026408958;0.0003090000026759443;0.00043300000389073063;0.0003210000028688527;0.00027200000079214076;0.0005110000014130224;0.0005250000012345965;0.0003269999999458237;0.0004210000011661601;0.00042800000011483755;0.00043100000143624475;-0.0032489999977552042;-0.0004450000010120076;-0.00015200000004027823;-0.0001540000003425566;-0.00015300000035938242;-0.0002959999994011719;-0.0002150000003149552;-5.19999999621764e-05;-0.002561999993050383;-4.800000007402363e-05;-0.0002989999997811975
97;0.00023200000015680616;0.0002480000003546874;0.000519000000367886;0.00023100000070271033;0.00034500000104877005;0.00046900000067773875;0.00033300000148259634;9.200000041161322e-05;-0.00043800000177445517;0.00016200000074081253;0.00035400000162222437;0.0004100000018640988;0.00028700000156724247;0.0003930000020801711;0.00035400000192538177;0.0002640000014453698;0.00045100000245576894;0.0003350000028763469;0.0002150000014795378;0.00012500000097994963;0.0004410000029720715;0.00045900000367169976;0.00027500000248847987;8.000000055645612e-05;0.00039000000502349095;0.0004540000031774633;0.00038700000293099033;0.0005910000045579802;0.00020400000277173109;0.0003240000041743904;0.00032100000434368426;9.600000066627192e-05;0.00016600000227739263;0.0003710000043704314;0.00030900000432176417;0.0004330000061755706;0.0003210000046030076;0.0002720000018345939;0.0005110000035031322;0.0005250000033922064;0.0003270000016671991;0.00042100000287141593;0.00042800000195899714;0.0004310000030483501;-0.0005380000026292586;-0.0004450000026527743;-0.00034000000151252987;-4.600000026395698e-05;-0.0001530000009335797;-0.00019200000046522945;-0.0002270000012638964;-5.2000000176713696e-05;-0.002602000004716169;-4.800000025483934e-05;-0.0003980000013928475
98;0.0002320000000928733;-0.00039900000033997403;0.0005190000002442826;0.00023100000046892202;0.00034500000072428303;0.00046900000041657825;0.0003330000010087083;9.200000028023826e-05;-0.00043800000117759423;0.00016200000049475965;0.0003540000010921635;0.00041000000127456535;0.00028700000106928744;0.00039300000140801147;0.0003540000013269599;0.0002640000009802099;0.00045100000171598734;0.0003350000019607813;0.00021500000098614549;0.00012500000066958237;0.00044100000199326627;0.00045900000247452345;0.0002750000017139308;8.000000036599626e-05;0.0003900000035511317;0.0004540000019348;0.0003870000019141175;0.0005910000030023617;0.00020400000194270817;0.00032400000296804954;0.0003210000030960838;9.600000038961189e-05;0.00016600000164116076;0.0003710000030773968;0.00030900000307768435;0.0004330000044774204;0.00032100000327301147;0.0002720000010389168;0.0005110000019131367;0.000525000001714808;0.00032700000046997343;0.00042100000156863226;0.0004280000001280341;0.0004310000018412018;-0.00031400000041453054;-0.0003850000012425317;-0.00023300000002825585;-4.600000014966523e-05;-5.400000017839867e-05;-0.00031599999892705;-0.00021500000047922765;-5.199999986159826e-05;-0.002735999988039911;-4.800000011598124e-05;-0.0027579999909124807
99;0.0002320000000996178;-0.00039900000031451534;0.0005190000002412541;0.00023100000044758905;0.00034500000068378884;0.0004690000003841853;-0.0001390000003625541;9.200000026349063e-05;-0.00043800000112418155;0.00016200000046750454;0.000354000001035414;0.00041000000119851773;0.0002870000010202132;0.00039300000134166296;0.0003540000012638554;0.00026400000094347844;0.0004510000015863091;0.0003350000018987356;0.00021500000097853596;0.0001250000006543659;0.00044100000198910814;0.0004590000024245694;-0.00012300000070139598;8.000000037071655e-05;0.00039000000339933365;0.0004540000020967927;0.0003870000019440393;0.0005910000030366709;5.5000000511285955e-05;0.0003240000027947823;0.00032100000290705274;9.600000043201348e-05;0.00016600000154443753;0.00037100000290535393;0.0003090000029280606;0.00043300000425975743;0.00032100000312847794;0.00027200000119202434;0.0005110000022943013;0.0005250000022130612;0.000327000001058095;0.00042100000187487416;0.00042800000125392453;0.0004310000020073758;-0.00041400000127906185;-0.0004650000017473205;-4.500000012844418e-05;-4.6000000180559804e-05;-0.00025600000098715615;-0.000400000000429719;-0.0002150000007413401;-5.200000010582663e-05;-0.002440000001641682;-0.00021900000075234384;-0.0005410000010556741
100;0.00023200000002488607;-0.0003990000000828366;0.0005190000000668429;0.00023100000011457852;0.00034500000017085864;0.00046900000013008194;-0.00013900000008539793;9.200000007329429e-05;-0.0009880000004876134;0.00016200000012270757;0.00035400000027340184;0.0004100000003275033;0.0002870000002636747;0.0003930000003398131;0.00035400000033088494;0.0002640000002697891;0.0004510000004540189;0.0003350000004551954;0.00021500000021247207;0.00012500000014956054;0.0004410000004547187;0.00045900000058056364;-0.001090000001223737;8.000000007815875e-05;0.0003900000010272423;0.00045400000033125036;0.0003870000004237992;0.0005910000006816736;5.500000014094433e-05;0.0003240000008667794;0.0003210000009015824;9.600000005703023e-05;0.00016600000047354202;0.0003710000008590908;0.0003090000009136741;0.00043300000134148433;0.0003210000010026262;0.0002510000001046271;0.0005110000002005896;0.0005250000000669992;0.000326999999753012;0.00042100000014595734;0.0004279999997466616;0.000431000000309418;-0.0016859999983811363;-0.000465000000082449;-4.4999999962738095e-05;-4.600000000551674e-05;-0.00025600000003522946;-0.00025899999973008565;-0.0032469999960692063;-0.00022899999976442193;-0.0003119999996572469;-0.0002189999997600482;-0.0006009999993628299
101;0.00023200000004125663;-0.00039900000013730254;0.0005190000001140177;0.0002310000002013525;0.0003450000002864162;0.0004690000001805684;-0.0001390000001397215;9.200000012199578e-05;-0.0004380000004465581;0.00016200000020496995;0.00035400000046017214;0.00041000000053276935;0.0002870000004445936;0.0003930000005834542;0.00035400000053492663;0.0002640000004022358;0.000451000000722619;0.0003350000008109669;0.0002150000003716186;0.00012500000025102395;0.0004410000007797469;0.00045900000099937624;-0.00012300000029752883;8.000000012789666e-05;0.0003900000016929307;0.0004540000005056975;0.0003870000006955626;0.0005910000011092185;5.5000000247385664e-05;0.00032400000136090424;0.00032100000143281003;9.600000007050684e-05;0.00016600000074725973;0.00037100000139511847;0.00030900000145650205;0.0004330000021244454;0.0003210000015605044;-2.7000000018568527e-05;0.0005110000001930921;0.0005249999999665753;0.00032699999951687326;0.0004210000001705935;0.000427999999143863;0.00043100000044625806;-0.0004879999992158967;-0.0005490000000568891;-4.499999991781478e-05;-4.6000000013613005e-05;-5.4000000005507284e-05;-0.0026239999849325423;-0.0031469999930045967;-0.00037799999869126067;-0.0004919999974842444;-4.799999991313945e-05;-0.0003409999988366229
102;0.00023200000004409025;-0.00039900000010631925;0.0005190000000945889;0.00023100000017850462;0.0003450000002499062;0.0004690000001564093;-0.00013900000013080077;9.200000009837216e-05;-0.0008560000005686889;0.0001620000001561981;0.00035400000034692457;0.0004100000004253486;0.0002870000003507222;0.00039300000047454343;0.0003540000004388638;0.0002640000003364234;0.0004510000005432294;0.00033500000064664014;0.00021500000028409436;0.00012500000020504716;0.0004410000006118589;0.00045900000079385347;-0.00012300000024456702;8.000000009999614e-05;0.0003900000014347032;0.0004540000002591228;0.00038700000051868116;0.0005910000008429082;5.500000020078889e-05;0.000324000001166529;0.00032100000124948977;9.600000003136028e-05;0.00016600000066869456;0.0003710000012159212;0.0003090000012750456;0.0004330000018236464;0.0003210000013557432;-2.699999999625497e-05;0.0005109999998752356;0.0005249999996333079;0.00032699999922614385;0.00042099999989621837;0.000427999998781632;0.0004310000002234094;-0.0007099999981518255;-0.0004599999997546853;-4.499999986726625e-05;-0.0001539999999340439;-5.3999999971976665e-05;-0.0026989999808138126;-0.0032639999896445205;-0.00024999999889149853;-0.0004519999971144138;-4.79999998454799e-05;-0.0003479999984639849
103;0.00023200000002996006;-0.00039900000007708596;0.0005190000000716901;0.00023100000012677487;0.0003450000001848261;0.0004690000001156409;-0.00013900000007308966;9.200000007121234e-05;-0.0004380000002323125;0.00016200000012903264;0.0003540000002734581;0.00041000000031353993;0.00011400000009003426;0.0003930000003012343;0.0003540000003055698;0.00026400000023535505;0.00045100000040172185;0.00033500000041216977;0.00021500000015092292;0.00012500000013736042;0.000441000000341051;0.0004590000004865707;-0.0001230000001451991;8.000000004503818e-05;0.0003900000011455771;0.0004539999997857762;0.0003870000002152854;0.0005910000003771137;5.5000000189355064e-05;0.0003240000009205297;0.0003210000009928868;9.599999990610444e-05;0.00016600000052561267;0.0003710000009072258;0.00030900000102660304;0.0004330000014287388;0.00032100000110196;-2.6999999963295497e-05;0.00041499999930886454;0.000524999998826715;0.0003269999985833332;0.0004209999992888713;0.0004279999978720024;0.0004309999997434771;-0.000648999997071575;-0.0012199999970467022;-0.00015199999922574215;-0.00015399999968308844;-5.399999988707756e-05;-0.00033399999763640363;-0.0035029999809991588;-0.0002659999978494186;-0.0004429999968364295;-4.7999999761949835e-05;-0.002646999976559804
104;0.00017700000003593373;-0.00039900000015505224;0.0005190000001217817;0.00023100000022816607;0.0003450000003451843;0.00046900000021847483;-0.0001390000001937442;9.200000013245739e-05;-0.0004380000005633421;0.00016200000025346943;0.0003540000005601968;0.0004100000006703972;0.00011400000022417535;0.0003930000007298738;0.000354000000670278;0.0002640000005051236;0.00045100000085205986;0.0003350000010139856;0.000215000000507295;0.00012500000034118048;0.0004410000010322438;0.0004590000012694934;-0.00012300000038791836;8.000000017042519e-05;0.00039000000197539526;0.00045400000092433974;0.0003870000009665304;0.000591000001512331;5.5000000295190015e-05;0.00032400000163840216;0.00032100000171135355;9.60000001778068e-05;0.0001660000008789456;0.00037100000166894983;0.00030900000172996115;0.0004330000025244227;0.0003210000018541939;-2.7000000040205018e-05;0.00041500000070794174;0.0005250000007667458;0.0003270000001709303;0.00042100000073472656;0.0004280000000777758;0.0004310000008826099;-0.0006490000002626976;-0.0012200000012422788;-0.00015200000002805808;-4.6000000065424927e-05;-5.400000007342294e-05;-0.0004819999995619067;-0.0005560000004531115;-0.00035099999953582954;-0.00040299999964075404;-4.800000003493252e-05;-0.0027069999954418226
105;9.599999999915861e-05;-0.0003990000000785977;0.00034600000004115643;0.00023100000011599825;0.0003450000001812199;0.00046900000010917733;-0.00013900000009318394;9.200000005957528e-05;-0.00043800000028961915;0.00016200000012950798;0.0003540000002814877;0.00041000000033775206;0.00011400000011144092;0.00039300000033884176;0.00035400000032607715;6.800000005966863e-05;0.00025800000021994183;0.00032800000048809953;0.00021500000024251098;1.0000000017167289e-05;0.00021700000020973874;0.00035000000047314344;-0.00012300000017859326;-7.700000009744747e-05;0.0003900000009803698;0.0003660000003866516;0.00033800000043079454;0.0005910000007865746;5.5000000135918385e-05;0.00032400000077931456;0.0003210000008159197;9.60000000959564e-05;-0.0001840000004323901;0.00034300000073953906;0.000309000000794474;0.00013300000033338957;0.00032100000084063957;-2.7000000030037803e-05;0.00017800000016105288;0.0005250000004637553;0.00032700000015656555;0.0002340000002110551;0.0004280000002152794;0.0004310000004693202;-0.0006490000003125165;-0.0010520000006463525;-0.00023300000010904697;-0.00010600000009014313;-5.400000003971873e-05;-0.0006030000000311794;-0.0004570000002647685;-0.0006060000000902508;-0.0006490000000281535;-4.800000002287361e-05;-0.0003000000000587602
106;9.600000001582693e-05;-0.0003990000000927147;0.0003460000000309397;0.00023100000012366465;0.000253000000138448;0.00046900000009522257;-0.00013900000009862742;9.200000008220844e-05;-0.0004380000002843908;0.0001620000001328135;0.000354000000279007;0.00041000000032163675;0.00011400000010121085;0.0003930000003658829;0.0003540000003234509;6.800000006418085e-05;0.0002580000002324411;0.00032800000048405296;0.00021500000024910498;1.000000002214704e-05;0.00021700000019987589;0.00035000000045880107;-0.0001230000001772605;-7.700000008810957e-05;0.00039000000097267717;0.0003660000003768379;0.00033800000042933406;0.0005910000007710507;5.5000000146370724e-05;0.0003240000007777506;0.00032100000081140443;9.60000000858076e-05;-0.0001840000004303753;0.0003430000007421199;0.00030900000080892284;0.0001330000003489134;0.0003210000008320498;-2.7000000017605308e-05;0.00017800000016486174;0.0005250000004829171;0.00032700000021568026;0.0002340000002103285;0.0004280000002262127;0.0004310000004706887;-0.00042500000025343787;-0.001245000000670838;-0.0002330000001085298;-5.700000002650844e-05;-0.00023400000013995608;-0.0004270000000716889;-0.00034500000020836873;-0.000615000000136032;-0.0006100000000917075;-4.800000004329768e-05;-0.0004450000000861186
107;9.600000000391496e-05;-0.00039900000003835923;0.000118999999991303;0.0002310000000520286;0.0002530000000566403;0.00046900000002994416;-0.00013900000003794867;9.2000000035037e-05;-0.0004380000001169621;0.00016200000006036695;0.00035400000012904655;0.00041000000014966803;0.00011400000005499509;0.0003930000001361042;0.00035400000015157205;6.800000000764804e-05;0.0002580000001030247;0.0003280000002162278;0.00021500000010027287;-8.300000003401587e-05;0.00021700000010357193;0.000350000000198304;-0.000123000000093064;-0.0004300000001575112;0.00039000000044801445;0.0003660000000997556;0.0003380000001668246;0.0005910000003118864;5.500000006658764e-05;0.0003240000003905675;0.00032100000039220574;9.600000000743415e-05;-0.0001840000002156291;0.0003430000003638108;0.0002270000002925342;0.0001330000002068423;0.00032100000041000986;-2.700000000089558e-05;0.00017800000001398858;0.0005250000000477607;0.0003269999999536514;0.00023400000002163967;0.000427999999918115;0.0004310000001231709;-0.00048499999991134243;-0.0006449999998039848;-4.499999999417129e-05;-0.0002519999999375843;-0.0017039999993459039;-0.00033999999977329216;-0.0004649999999210255;-0.0006159999996318427;-0.0006099999995902806;-0.00021899999995947267;-0.0005129999997004114
108;9.599999999907558e-05;-0.0003989999999058617;-6.000000001985982e-06;0.0002309999998981644;0.00025299999989511143;0.00046899999991361496;-0.00013899999989418235;9.199999993315201e-05;-0.00043799999959199924;0.00016199999989021895;0.00035399999977736606;0.0004099999997419225;0.00011399999989876149;0.00039299999962677046;0.00035399999968071844;6.79999999319835e-05;0.00025799999975648964;0.00032799999944278297;0.00021499999958004456;-8.399999982839397e-05;0.00021699999956366773;0.0003499999993542775;-0.0001229999997988088;-0.0007219999978675773;0.0003899999997614822;0.00032199999857267697;0.0003379999991156146;0.0005909999985208434;5.499999996786901e-05;0.00032399999980802906;0.0003209999998262156;9.599999949894723e-05;-0.0001839999998584445;0.00034299999969499635;0.00022699999988458724;0.00013299999991868064;0.00032099999984088894;-2.6999999843922584e-05;0.00017799999885799084;0.0005249999965018886;0.00032699999698885044;0.00022199999859455873;0.0004279999955847949;0.0004309999980283768;-0.00048499999540656236;-0.0005289999948945492;-4.4999999532115286e-05;-0.0003799999962740193;-0.003444999961291497;-0.0005249999926930188;-0.0004649999960970998;-0.000615999990412371;-0.00036399999494827556;-0.00021899999815036037;-0.0024759999592281574
109;9.599999987042918e-05;-0.00039899999872763795;-5.999999999836904e-06;0.00023099999828128377;0.0002529999981239722;0.00046899999855516754;-0.00013899999834785968;9.199999896567183e-05;-0.00043799999468740845;0.00016199999820447748;0.00035399999609728156;0.0004099999954837992;0.00011399999836963287;0.0003929999943247921;0.00035399999496003355;6.799999900459037e-05;0.00025799999628720564;0.0003279999920844797;0.00021499999479090425;-0.0002609999933345589;0.00021699999504247618;0.0003499999912135418;-0.00012299999702033198;-7.699999772498259e-05;0.00038999999238559566;0.00032199998529647717;0.00033799998948960246;0.0005909999818657348;5.4999998931372834e-05;0.00032399999363647345;0.0003209999937903552;9.599999515441513e-05;-0.0001839999963361515;0.00034299999289007043;0.00022699999566482904;0.0001329999974956633;0.000320999993917062;-2.699999847165165e-05;0.00017799998897578563;0.000524999965190686;0.00032699996770547393;0.0002219999862605362;0.00042799995656524355;0.0004309999798129146;-0.003235999663185816;-0.0007039999475001327;-0.00015199998444060205;-0.002394999816458575;-0.0019049998509692064;-0.0029649995753023295;-0.0003649999712438909;-0.0006069999197669139;-0.0003639999503000301;-0.00021899998270819246;-0.002677999637116824
110;9.599999998888202e-05;-0.0003989999998636924;-5.9999999961771406e-06;0.00023099999981470427;0.0002529999997853568;0.00046899999984647276;-0.00013899999980542254;9.199999988529287e-05;-0.0004379999993407484;0.00016199999980854855;0.0003539999995792498;0.0004099999995059752;0.00011399999980499054;0.0003929999993519462;0.00035399999941475324;6.799999988129345e-05;0.00025799999958672423;0.00032799999904938883;0.00021499999931887643;-0.00043699999851989105;0.00021699999936201773;0.00034999999887153045;-0.00012299999964626056;-7.699999970312645e-05;0.0003899999993940118;0.0003219999978001294;0.00033799999860402967;0.0005909999976296705;5.499999991427399e-05;0.00032399999946512053;0.0003209999994910814;9.599999926112724e-05;-0.00018399999966937726;0.00034299999933342593;0.00022699999965664042;0.00013299999974101585;0.0003209999995420553;-2.6999999762117474e-05;0.00017799999831770495;0.0005249999947398347;0.00032699999481853345;0.0002219999978855222;0.0004279999939918341;0.00043099999698265295;-0.003263999943059364;-0.0006399999907794874;-0.00015199999782795236;-0.002341999964552126;-0.002038999967858745;-0.000449999992446534;-0.00031999999615651135;-0.0005629999904747728;-0.00040399999318840337;-4.7999999414899816e-05;-0.0004859999919093813
111;9.599999997619037e-05;-0.0003989999998274338;-6.000000005759758e-06;0.00023099999977682062;0.0002529999997639845;0.0004689999998156351;-0.00013899999976591041;9.199999986830326e-05;-0.0004379999992570384;0.00016199999976490706;0.0003539999995053747;0.000409999999438755;0.00011399999978748037;0.0003929999992678263;0.00035399999935022727;6.799999988613457e-05;0.0002579999995219856;0.00032799999891288924;0.00021499999924940922;-0.0007609999970170832;0.00021699999926815994;0.00034999999869576897;-0.0001229999995792919;-7.699999966340418e-05;0.0003899999992025614;0.00032199999764359556;0.0003379999984586876;0.0005909999973813984;5.499999988517105e-05;0.0003239999993187006;0.0003209999993529466;9.599999921520525e-05;-0.00018399999958223595;0.0003429999991860814;0.00014799999968698082;0.0001329999997227523;0.00032099999937768535;-2.6999999735439538e-05;0.00017799999819492562;0.0005249999944422586;0.0003269999957312924;0.00022199999776123638;0.00042799999436061325;0.00043099999677649245;-0.0005729999923415022;-0.0006419999903459934;-4.499999938585013e-05;-0.00245399996117046;-0.0018579999696222884;-0.0004149999933857298;-0.0033319999464473528;-0.0004299999932758412;-0.0005329999914269366;-4.7999999268500396e-05;-0.00036699999434761007
112;9.599999999238649e-05;-0.0003989999999688011;-5.9999999940717334e-06;0.00023099999996183514;0.00025299999995797814;0.0004689999999857419;-0.00013899999995973408;9.199999998700248e-05;-0.00043799999984490707;0.00016199999998105176;0.0003539999999481112;0.0004099999999253708;0.0001139999999817602;0.00039299999989231965;0.0003539999998953726;6.799999996778651e-05;0.0002579999999082863;0.0003279999997990277;0.00021099999983762642;-0.00031099999976167607;0.00021699999985830935;0.00034999999975007025;-0.00012299999992373894;-7.699999990792249e-05;0.0003900000000565477;0.00032199999929155077;0.00033799999962692574;0.0005909999993857985;5.50000000121316e-05;0.0003240000000236971;0.0003210000000503716;9.59999997460508e-05;-0.0001840000000103375;0.0003429999999915717;0.00014800000001980923;0.0001330000000267936;0.00032100000005998804;-2.6999999911353823e-05;0.0001779999994049418;0.0005249999980674314;0.00032699999835408226;0.00022199999926285525;0.0004279999977260538;0.0004309999990274289;-0.0005259999972425253;-0.00044199999796919046;-0.00023299999870610012;-0.00047099999782752384;-0.0017979999909426127;-0.0004189999971093045;-0.0033319999775819364;-0.0005639999961276258;-0.0005199999963674142;-0.00014799999906114577;-0.00044699999699826385
113;9.599999999876481e-05;-0.0003990000000192898;-6.0000000033268804e-06;-0.001857000000028204;0.00025300000001386605;0.00046900000002247395;-0.0001390000000080814;9.200000001630506e-05;-0.0004380000000533455;0.00016200000003263102;0.0003540000000662061;0.0004100000000893488;0.00011400000003186249;0.0003930000000964228;0.0003540000000931837;6.800000001900879e-05;0.0002580000000812509;0.0003280000001563018;0.00021500000007958794;-0.00031100000011458073;0.00021700000007052528;0.00035000000013549795;-0.00012300000005301576;-7.7000000011351e-05;0.0003900000003708988;0.0003220000000889143;0.0002900000001077529;0.0005910000002348059;5.500000006311108e-05;0.0003240000003036359;0.0003210000002967144;9.600000000975934e-05;-0.00018400000016911188;0.000343000000265594;0.00014800000015156514;0.0001330000000932062;0.0003210000003241507;-2.7000000005454058e-05;0.00017800000004649906;0.0005250000000935875;0.0003270000000145626;0.00022200000004700372;0.0004279999999967668;0.0004310000001218075;-0.00042200000000198437;-0.00034300000000146415;-0.00023299999997646644;-0.00047100000000829627;-0.0004620000000186631;-0.0004639999998662899;-0.0006389999999964004;-0.00048299999987300917;-0.0004989999998481331;-0.00023999999998941527;-0.0003769999999221106
114;9.600000000657818e-05;-0.0003990000000020928;-6.000000006032793e-06;-0.0017969999999693988;0.0002529999999804527;0.0004690000000052748;-0.00013900000000673497;9.200000000796569e-05;-0.0004380000000183921;0.0001620000000177861;0.000354000000039731;0.00041000000003769374;0.00011400000001035452;0.0003930000000467668;0.0003540000000542801;6.800000000082527e-05;0.00025800000005476645;0.00032800000006651873;0.00021500000002715687;-0.00031100000006385785;0.00021700000001633748;0.0003500000000743014;-0.00012300000003074237;-7.700000001593647e-05;0.0003900000001712777;0.00032200000001036575;0.0003380000000647861;0.000591000000118361;5.500000001383632e-05;5.600000001674929e-05;0.00032100000014376683;9.599999999756895e-05;-0.00044200000016368765;0.0003430000001292137;0.00014800000006473882;0.00013300000008708128;0.00032100000015365893;-2.700000000338996e-05;0.0001780000000082256;0.000524999999985876;0.000326999999943806;0.0002220000000051069;0.0004279999998867426;0.0004310000000172149;-0.00031199999993398835;-0.0005359999998948148;-4.499999999689568e-05;-0.0005679999998989136;-0.0004019999999225498;-0.00035999999981782516;-0.0008489999997818785;-0.0007359999995667142;-0.0005089999997072578;-0.00021899999995588653;-0.00042899999979057374
115;9.599999999830495e-05;-0.00039900000004982147;-6.000000018549999e-06;0.0002310000000709065;0.0002530000000672087;0.00046900000007179794;-0.0001390000000539778;9.200000003853085e-05;-0.00043800000016836247;0.00016200000006174383;0.0003540000001623594;0.0004100000001924197;0.00011400000006936925;0.00039300000023823956;0.0003540000002012196;6.800000003206749e-05;0.0002580000001330505;0.00032800000028465766;0.00021500000015965394;-0.0003110000002359374;0.0002170000001528369;0.00035000000027491317;-0.00012300000011463886;-7.700000005404668e-05;0.0003900000005919869;0.0003220000001701493;0.0003380000002623328;0.0005910000004852762;5.500000010127526e-05;0.0003240000004989391;0.0003210000004936148;9.60000000613616e-05;-0.00018400000025360993;0.00034300000046621245;0.00014800000022950806;0.00013300000021103367;0.0003210000005174858;-2.7000000015809022e-05;0.00017800000007390046;0.0005250000002494694;0.00032700000009062036;0.00014900000007095248;0.0004280000000922063;0.00043100000025528615;-0.00031200000009162896;-0.000554000000138671;-4.5000000012716854e-05;-0.0005790000001604241;-0.000462000000122828;-0.00017100000000430305;-0.0005890000001458391;-0.0004110000000009912;-0.0007159999999653944;-0.00031100000007732283;-0.0005860000000055497
116;9.600000001062806e-05;-0.00039900000003082614;-5.999999992660591e-06;0.00023100000006365782;0.0002530000000640445;0.0004690000000335877;-0.00013900000002095803;9.20000000206518e-05;-0.000438000000086537;0.00016200000005775155;0.00035400000010425063;0.0004100000001181868;0.0001140000000333897;0.000393000000136897;0.00035400000014328776;6.80000000525268e-05;0.0002580000001020876;0.00032800000015340306;0.00021500000008698478;-0.0003110000001230875;0.00021700000007555639;0.0003500000001523406;-0.0001230000000717078;-7.70000000216999e-05;0.0003900000003486281;0.00032200000008084166;0.0003380000001371851;0.000591000000267568;5.50000000558493e-05;0.00032400000028261254;0.0003210000002808628;9.600000001701818e-05;-0.00022300000017353848;0.0003430000002614048;-0.000126000000085124;0.00013300000012341208;0.00032100000028768513;-2.7000000001374154e-05;0.0001780000000274281;0.0005250000000518452;0.00032699999995889435;-0.0002370000000171627;0.0004279999999262344;0.00043100000012095046;-0.00034399999994880496;-0.0005089999999858449;-0.00015199999996492718;-0.00047099999996901286;-0.0006099999999484055;-0.00020599999989292812;-0.0005889999999298117;-0.00047499999980134044;-0.0006559999996770178;-0.00038599999996888926;-0.0006639999997103028
117;9.599999998304186e-05;-0.0003989999999183047;-6.000000010437437e-06;0.0002309999999434577;0.000252999999921834;0.0004689999999448743;-0.0001389999999038546;9.199999995106817e-05;-0.0004379999996785068;0.00016199999991943191;0.00035399999982497094;0.0004099999998118219;0.0001139999999219097;0.00039299999971924065;0.0003539999997437382;6.79999999621946e-05;0.00025799999980679873;0.0003279999995383698;0.0002149999996734539;-0.00031099999947880843;0.00021699999968277902;0.0003499999994494141;-0.0001229999998132868;-7.699999983907239e-05;0.00038999999977924824;0.0003219999988066094;0.0003379999992969251;0.00059099999882089;5.499999996785505e-05;0.00032399999980409607;0.00032099999980488486;9.599999957598653e-05;-0.0001839999998365594;0.0003429999997158497;-0.0001909999998447283;0.0001329999999245559;0.00032099999982722913;-2.6999999863738354e-05;0.00017799999898690673;0.00052499999670993;0.0003269999970163466;0.00022199999875110597;0.00042799999563517514;0.00043099999834973095;-0.00037199999654519394;-0.0006179999960616974;-0.00015199999840294538;-0.0004589999971169927;-0.00044999999715357236;-0.002051999965712696;-0.0006209999934955184;-0.0002749999962623066;-0.0005299999915982049;-0.002858999965830172;-0.0008369999886048821
118;9.599999999248656e-05;-0.0003989999998929922;-5.999999989511098e-06;0.0002309999998723651;0.00025299999986531994;0.0004689999998884928;-0.00013899999984372098;9.199999994110364e-05;-0.00043799999952475366;0.00016199999986361128;0.0003539999997316699;0.0004099999996874408;0.00011399999985380789;0.000392999999545516;0.0003539999995976753;6.79999999330548e-05;0.00025799999968745204;0.00032799999932406197;0.00021499999953206425;-0.0003109999992731348;0.0002169999995410099;0.0003499999992155083;-0.00012299999975808295;-7.699999978959948e-05;0.0003899999995847873;0.0003219999983975786;0.00033799999901059773;0.0005909999983405171;5.499999994185949e-05;0.0003239999996404003;0.00032099999963289754;9.599999945915666e-05;-0.00018399999976370033;0.0003429999995165341;-0.00011799999985466698;0.00013299999983483384;0.00032099999965807245;-2.699999982017246e-05;0.00017799999868503718;0.0005249999957462782;0.00032699999548945326;0.0002219999983701128;0.0004279999949509621;0.00043099999780907186;-0.0032739999501178213;-0.0006809999943332849;-4.499999946254602e-05;-0.00047899999609202237;-0.0005489999954567051;-0.0003559999950431846;-0.0004449999942413252;-0.0002619999963484445;-0.0003229999955008575;-0.0028989999573394622;-0.000575999991993764
119;9.599999999362455e-05;-0.0003989999998692598;-5.999999998273471e-06;0.00023099999984100772;0.0002529999998381653;0.00046899999987929893;-0.0001389999998372576;9.199999991578611e-05;-0.00043799999944370987;0.00016199999985164656;0.0003539999996718459;0.0004099999996014501;0.00011399999984806964;0.00039299999946697787;0.0003539999995121817;6.799999992332635e-05;0.0002579999996546653;0.0003279999991898503;0.00021499999943512256;-0.00031099999914071825;0.00021699999949593553;0.0003499999990640185;-0.00012299999969399357;-0.0008929999964898969;0.00038999999951162985;0.0003219999982032147;0.00033799999883484655;0.0005909999980405005;5.49999999178946e-05;0.00032399999960256955;0.00032099999960797515;9.59999993876149e-05;-0.00018399999974527302;0.00034299999945977165;0.0001479999998154908;0.00013299999978438553;0.0003209999996284895;-2.6999999806944612e-05;0.00017799999853763206;0.0005249999953227079;0.00032699999519140185;0.00022199999821721165;0.00042799999465702263;0.00043099999755507386;-0.0032259999477102673;-0.00045199999605730176;-4.49999994344454e-05;-0.0005389999953306227;-0.00040699999643931334;-0.0002059999970849607;-0.0005439999921065367;-0.0002619999962325419;-0.00023799999661433156;-0.0032989999447336203;-0.0004569999934602933
120;9.59999999912745e-05;-0.00039900000002660203;-6.000000006712738e-06;0.0002310000000411391;0.0002530000000288145;0.00046900000005236823;-0.00013900000001058264;9.200000001081184e-05;-0.00043800000008683404;0.00016200000005479293;0.00035400000009701884;0.00041000000011310765;0.0001140000000441722;0.00039300000009993743;0.00035400000011281903;6.800000001878212e-05;0.00025800000007948225;0.0003280000001584687;0.00021500000007324362;-0.0007420000002343871;0.00021700000005103547;0.0003500000001230299;-0.00012300000005122206;-0.0008930000001717175;0.0003900000003599182;0.00032200000008952053;0.0003380000001287173;0.0005910000002170252;5.500000006849263e-05;0.0003240000002607046;0.000321000000284638;9.600000003773514e-05;-0.0001840000001698605;0.000343000000278214;0.00014800000012142416;0.00013300000013141968;0.00032100000029917165;-2.7000000004625832e-05;0.00017800000003708187;0.0005250000000908659;0.0003270000000246557;0.0002220000000380849;0.00042800000003280486;0.000431000000113966;-0.0003110000000149741;-0.00045200000001775;-0.00023300000003027366;-0.0006560000000371003;-0.00034400000001875427;-0.00017099999998999383;-0.00048399999998855495;-0.0002999999999987419;-0.0001829999999983425;-0.0011079999999420718;-0.00024199999999633494
121;9.600000000082862e-05;-0.0003990000000252098;-6.000000008605878e-06;0.00023100000004709878;0.0002530000000349765;0.00046900000004037495;-0.00013900000000764497;9.200000001343661e-05;-0.0004380000000639823;0.00016200000002471483;0.00035400000006693353;0.0004100000000972278;0.00011400000003678728;0.00039300000008506543;0.0003540000000709529;6.799999999218094e-05;0.00025800000006462065;0.0003280000000978997;0.00021500000003918786;-0.0010830000001584934;0.00021700000002556437;0.00035000000007662924;-0.00012300000002916757;-7.700000001711633e-05;0.00039000000029427295;0.00032200000001407974;0.0003380000000840987;0.000591000000151513;5.5000000035014115e-05;0.00032400000023289705;0.00032100000024708767;9.599999999113672e-05;-0.00018400000012819024;0.0003430000002086185;0.00014800000012227767;0.00013300000008568673;0.00032100000026789166;-2.699999999154665e-05;0.00017799999998100558;0.0005249999999083653;0.0003269999998773889;0.00022199999996754682;0.00042799999979099715;0.00043100000002070063;-0.0002569999998826323;-0.0010269999995171487;-0.00023299999987264945;-0.0005869999997705306;-0.00042399999982130164;-0.0003209999996884132;-0.000336999999825799;-0.00041999999966313846;-0.0008479999991421349;-0.00110799999934586;-0.0002849999997730209
122;9.599999997039165e-05;-0.00039899999997524706;-6.000000010092367e-06;0.00023099999999582794;0.00025299999999457446;0.00046900000000272787;-0.00013899999998323752;9.199999998257735e-05;-0.0011169999996243519;0.00016200000000192902;0.00035399999999195195;0.0004099999999788299;0.00011399999999922811;0.000392999999969452;0.00035400000000146767;6.799999999958902e-05;0.0002579999999832089;0.0003279999999594434;0.00021499999991558198;-0.0003109999998603516;0.0001909999999053429;0.0003499999998988502;-0.0001229999999614139;-7.699999995005395e-05;0.00039000000019931755;0.0003219999995919413;0.00033799999982383203;0.0005909999997227236;5.5000000013692764e-05;0.0003240000001581564;0.0003210000001616871;9.599999984109333e-05;-0.00018400000007333663;0.0003430000001099881;0.00014800000007931838;0.00013300000006713345;0.00032100000018860683;-2.699999994569657e-05;0.00017799999961520222;0.0005249999987911105;0.00032699999878465054;0.00022199999954756027;0.00042799999816605256;0.0004309999994442737;-0.0004569999982444592;-0.0010149999971023078;-4.499999980542256e-05;-0.0005039999986388958;-0.0004239999988396264;-0.0023559999798861576;-0.0002899999989154295;-0.0005069999969135539;-0.0005279999958581684;-0.001378999994445946;-0.00022299999866588538
123;9.600000000220223e-05;-0.00039900000001651337;-6.000000000280048e-06;0.00023100000006170805;0.00025300000006040234;0.00046900000005622387;-0.0001390000000264232;9.200000003360619e-05;-0.0009460000002231977;0.00016200000006460347;0.0003540000001379785;0.0004100000001498696;0.00011400000005944932;0.0003930000001659173;0.00035400000014523494;6.800000001899998e-05;0.0002580000000990641;0.00032800000023189795;0.00021500000012331127;-0.0003110000001750345;0.0001430000000679133;0.0003500000002062433;-0.00012300000008813169;-7.700000004264192e-05;0.00039000000052783276;0.00032200000015736687;0.00033800000021103386;0.0005910000003832534;5.500000003883825e-05;0.00032400000043892956;0.00032100000042026934;9.600000004187524e-05;-0.00018400000022030647;0.00034300000038619524;0.00014800000019527917;0.00013300000019123758;0.00032100000043894;-2.7000000010912738e-05;0.00017800000008231116;0.0005250000001824632;0.0003270000000718743;0.00022200000006842135;0.0004280000000776634;0.00043100000020639546;-0.0004050000000570646;-0.00022200000003307665;-4.50000000100426e-05;-0.0004080000000808145;-0.0006380000001163172;-0.0005499999999418289;-0.0002900000000563379;-0.0005639999999573809;-0.00033699999996238453;-0.0010120000000305878;-0.00028499999998877215
124;9.60000000040849e-05;-0.00039899999999729914;-5.999999996913679e-06;0.00023100000003039352;0.00025300000003642114;0.00046900000003092954;-0.00013900000001247715;9.200000001314404e-05;-0.0004380000000354626;0.00016200000002646124;0.00035400000007681587;0.0004100000000911427;0.00011400000001947266;0.00039300000007319927;0.0003540000000568495;6.800000000515661e-05;0.0002580000000691938;0.00032800000006804545;0.00021500000000103004;-0.00031100000002248974;0.00021700000001649333;0.00035000000003716146;-0.0001230000000163596;-7.699999999542596e-05;0.00039000000030195415;0.00032199999982722037;0.0003379999999893613;0.0005910000000117994;5.500000003435394e-05;0.00032400000024959886;0.0003210000002530433;9.59999999348126e-05;-0.00018400000014737354;0.0003430000002187445;0.00014800000012330056;0.0001330000001032973;0.0003210000002766982;-2.6999999981533143e-05;0.0001779999998088163;0.0005249999993416146;0.0003269999989705339;0.00022199999975937345;0.000427999998949259;0.0004309999997617772;-0.003101999988776834;-0.0003819999994436727;-4.499999988201707e-05;-0.00040799999939157333;-0.000833999998696643;-0.0004999999982725515;-0.00047599999906019314;-0.0007749999972533124;-0.00031799999889898926;-0.0002209999995513394;-0.0003419999988194599
125;9.600000000181776e-05;-0.0003990000000104676;-5.999999993288271e-06;0.00023100000001881568;0.00025300000002737065;0.0004690000000239259;-0.00013900000000349153;9.200000001996724e-05;-0.0004380000000198386;0.00016200000002531816;0.0003540000000700351;0.00041000000007218227;0.00011400000000118053;0.0003930000000724408;0.0003540000000805641;6.800000001177552e-05;0.0002580000000264029;0.0003280000000573009;0.00021500000001435044;-0.00031099999999865583;0.00021700000000973314;0.000350000000029287;-0.00012300000000294476;-7.699999998729379e-05;0.00039000000031592024;0.0003219999998078844;0.00033799999998398945;0.0005909999999855835;5.5000000045315086e-05;0.00032400000025648235;0.00032100000026101907;9.59999999192337e-05;-0.00018400000013939314;0.0003430000002198268;0.00014800000012171364;0.00013300000013152463;0.00032100000028268387;-2.69999999636786e-05;0.000177999999792948;0.0005249999992832307;0.00032699999888501606;0.00022199999973940057;0.0004279999988940096;0.0004309999997374395;-0.003513999985717584;-0.00039399999937071077;-4.499999988018616e-05;-0.00038799999938529727;-0.0008879999984908374;-0.0004559999983992671;-0.0003839999991903528;-0.00036599999872085985;-0.0002679999990603042;-0.00022099999952510287;-0.0005459999980920215
126;9.600000002245281e-05;-0.0003990000000996975;-6.000000006200849e-06;0.00023100000014387244;0.0002530000001626334;0.0004690000001063812;-0.00013900000009438665;9.200000006565266e-05;-0.0004380000003061608;0.00016200000013506758;0.00035400000030836215;0.0004100000003505733;0.00011400000012896047;0.0003930000003962174;0.00035400000038952537;6.800000005293182e-05;0.0002580000002172632;0.00032800000051676914;0.00021500000027328416;-0.0003110000004133695;0.00021700000026980424;0.00035000000048731824;-0.0001230000001962198;-7.700000011414187e-05;0.0003900000010043728;0.0003220000003985899;0.0003380000004929896;0.0005910000008953937;5.50000001552032e-05;0.00032400000084249905;0.00032100000081549383;9.600000011528845e-05;-0.0001840000004558085;0.00034300000076814275;0.00014800000037650408;0.00013300000031728294;0.0003210000008479063;-2.7000000023411468e-05;0.00017800000019762836;0.000525000000627658;0.00032700000030160844;0.00022200000027186147;0.0004280000004070051;0.0004310000005445688;-0.0007510000006386088;-0.00017400000012798877;-4.5000000046562536e-05;-0.000411000000363373;-0.0005260000004539167;-0.00048600000030579315;-0.000152000000151909;-5.200000003265773e-05;-0.0002480000001533751;-0.00016100000014809132;-0.0004740000003202446
127;9.59999999956093e-05;-0.0003990000000333666;-6.00000000335171e-06;0.0002310000000712241;0.00025300000008896553;0.00046900000006747957;-0.0001390000000477393;-0.0003190000001213599;-0.00043800000015146653;0.0001620000000802354;0.00035400000016023515;0.00041000000017433986;0.00011400000007023897;0.0003930000001981895;0.00035400000018832807;6.800000003279796e-05;0.00025800000014715034;0.0003280000002838114;0.00021500000015646034;-0.0003110000002357398;0.00021700000015149114;0.000350000000272681;-0.0001230000001064084;-7.70000000607616e-05;0.0003900000006146008;0.0003220000001944403;0.0003380000002699826;0.0005910000004743418;5.500000006686627e-05;0.00032400000049233606;0.00032100000049215823;-0.00035600000017267587;-0.00018400000025206643;0.0003430000004648034;0.00014800000022620986;0.0001330000002396503;0.0003210000005206291;-2.700000002229692e-05;0.0001780000001060798;0.0005250000002748064;0.0003270000001097056;0.00022200000010475662;0.0004280000001577545;0.00043100000026803864;-0.0009030000002671604;-0.0003170000001441899;-4.500000000764139e-05;-0.0003990000001385337;-0.0005360000001844564;-0.0004770000000907075;-0.00015200000006853655;-5.200000000770247e-05;-0.00024800000004270245;-0.0002530000001051989;-0.00045400000010956733
128;9.600000001505988e-05;-0.0003990000000397237;-6.00000001457983e-06;0.000231000000072764;0.00025300000006713415;0.0004690000000673456;-0.000139000000045505;-0.0005660000002140197;-0.00043800000014656;0.0001620000000718569;0.000354000000157838;0.00041000000015975284;0.00011400000007594094;0.00039300000021694545;0.00035400000017215356;6.800000004844789e-05;0.00025800000012525716;0.0003280000003172626;0.00021500000015536755;-0.0003110000002464655;0.00021700000017640714;0.0003500000002818962;-0.00012300000010082113;-7.700000005000097e-05;0.0003900000006121627;0.0003220000002180338;0.00033800000027681414;0.0005910000004978444;5.5000000079595464e-05;0.0003240000004966347;0.0003210000005227191;-0.00020200000012052553;-0.00018400000027703458;0.00034300000048183646;0.0001480000002493031;0.00013300000022396295;0.00032100000055589555;-2.700000001099364e-05;0.00017800000011834087;0.0005250000003121652;0.00032700000012241757;0.00022200000011951646;0.0004280000002071766;0.0004310000003002045;-0.0008430000003074707;-0.00029700000017266625;-0.0001520000000543132;-0.00039900000016012977;-0.0005000000001958067;-0.0004020000000974275;-5.300000001397991e-05;-5.200000002982235e-05;-0.00028800000005677366;-0.0004090000001868379;-0.00028100000010116284
129;9.60000000139446e-05;-0.0003990000000775529;-5.999999998629506e-06;0.00023100000009379054;0.0002530000001028301;0.00046900000009859953;-0.00013900000008643516;9.200000006073312e-05;-0.0004380000002426145;0.00016200000011204208;0.0003540000002478872;0.0004100000002870256;0.00011400000008283515;0.00039300000030019315;0.0003540000002886837;6.800000005596646e-05;0.0002580000002137974;0.00032800000044329845;0.00021500000022381846;-0.0003110000003360405;0.00021700000020827257;0.0003500000004057804;-0.00012300000016239005;-7.700000007616329e-05;0.00039000000082027743;0.0003220000003155158;0.0003380000003869172;0.0005910000007078268;5.500000010999271e-05;0.00032400000067866824;0.00032100000067967154;9.60000000866201e-05;-0.00018400000036129135;0.00034300000063354935;0.00014800000031399505;0.00013300000034780485;0.00032100000070055756;-2.7000000028272905e-05;0.00017800000015700366;0.0005250000004505499;0.0003270000002134049;0.00022200000018588126;0.000428000000275909;0.0004310000004240244;-0.0007530000004360814;-0.0005170000003124536;-0.0001520000001011753;-0.0003590000002266535;-0.0005000000002863602;-0.0004370000001768928;-5.300000003132035e-05;-5.200000003093201e-05;-0.0003550000001491369;-0.000376000000241853;-0.00036900000017420865
130;9.600000000822984e-05;-0.0003990000000257391;-6.000000001712125e-06;0.00023100000005288587;0.00025300000005596253;0.0004690000000310726;-0.00013900000004100964;9.200000002847395e-05;-0.00043800000009425015;0.00016200000003804133;0.00035400000010131754;0.0004100000001231172;0.00011400000004847584;0.00039300000013661886;0.0003540000001254252;6.800000002579424e-05;0.0002580000000765762;0.0003280000001462551;0.00021500000006405084;-0.0003110000001250365;0.0002170000000807023;0.00035000000015704614;-0.0001230000000534043;-7.700000002311653e-05;0.0003900000003002817;0.00032200000009703536;0.0003380000001485803;0.0005910000002688733;5.5000000020688666e-05;0.0003240000002523026;0.0003210000002577991;9.600000003063792e-05;-0.00018400000013634913;0.0003430000002427468;-0.0004650000002693359;0.00013300000011037534;0.0003210000002475975;-2.700000001175441e-05;0.00017800000004594653;0.0005250000001183947;0.00032700000003015034;0.00022200000006578082;0.00042800000001245845;0.0004310000001347092;-0.0005930000000222584;-0.0011809999999747012;-0.0002329999999931293;-0.00035900000000564246;-0.0005100000000035886;-0.0006789999998335086;-5.300000000833384e-05;-5.200000000981264e-05;-0.00038599999991276743;-0.00037500000001756067;-0.0005529999999078671
131;9.600000000201806e-05;-0.00039900000000685616;-6.000000005283209e-06;0.00023100000002831034;0.0002530000000238096;0.00046900000002059726;-0.00013900000002937596;9.200000001671052e-05;-0.00043800000004471696;0.00016200000002467087;0.0003540000000619149;0.00041000000007547244;0.00011400000002004097;0.00039300000007158283;2.6000000014136416e-05;6.800000001861647e-05;0.00025799999998920567;0.00032800000007766097;0.00021500000003411222;-0.0003110000000641183;0.00021700000005180648;0.00035000000007568907;-0.00012300000003702093;-7.700000001387646e-05;0.00039000000017446753;0.0003220000000270844;0.0003380000000736804;0.0005910000001265822;5.500000003697582e-05;0.00032400000015253143;0.00032100000015313726;-0.0005130000000052985;-0.00018400000007930828;0.00034300000013954326;-0.0004650000001582117;0.0001330000000629343;0.0003210000001553038;-2.6999999995520465e-05;0.00017799999999240288;0.0005249999999815248;0.00032699999995073963;0.00022199999999720062;0.00042799999991925496;0.0004310000000516834;-0.000679999999837539;-0.0009289999997958967;-0.0002329999999424305;-0.0003709999999106837;-0.0007619999998074506;-0.0006439999996655336;-5.299999999065574e-05;-5.199999998411201e-05;-0.000550999999712019;-0.0004349999999128317;-0.00025799999990084124
132;9.599999998576334e-05;-0.00039899999992654644;-6.000000009748939e-06;0.00023099999992184675;0.0002529999999023377;0.00046899999993357485;-0.0001389999999136156;9.199999994733481e-05;-0.00043799999965899914;-0.00032199999978059507;0.00035399999976363464;0.0004099999997692439;0.00011399999990047115;0.0003929999997121994;0.0003539999997489232;6.799999995420562e-05;0.00025799999981362194;0.00032799999954506536;0.00021499999969113034;-0.0010719999980347372;0.0002169999996970466;0.00034999999941739366;-0.00012299999983967237;-7.699999985982133e-05;0.0003899999997968531;0.00032199999894499064;0.0003379999993517473;0.0005909999988950338;5.499999995494902e-05;0.0003239999998303863;0.0003209999998496105;9.599999962113725e-05;-0.00018399999986864818;0.0003429999997569902;0.00014799999990878788;0.0001329999999174929;0.00032099999984778663;-2.6999999881995655e-05;0.00017799999914099742;0.0005249999972520751;0.00032699999683244826;0.00022199999893292473;0.00042799999637294284;0.00043099999855756595;-0.003408999962777585;-0.0010249999938789832;-0.00031899999722765255;-0.000298999998284635;-0.0006989999958896161;-0.0009539999891640867;-5.299999962296047e-05;-0.00021199999788579202;-0.0005509999938084918;-0.0009479999928965677;-0.00025799999744749837
133;9.599999997344425e-05;-0.0003989999997398473;-5.999999999918985e-06;0.00023099999968834736;0.0002529999996570001;0.0004689999997290838;-0.00013899999967363443;9.199999980511562e-05;-0.00043799999890640736;-0.0002819999993462748;0.0003539999992334673;0.00040999999917169956;0.00011399999968137074;0.00039299999892982536;0.0003539999990639566;6.799999980036944e-05;0.00025799999929283936;0.00032799999849736903;0.00021499999897814872;-0.0006669999964906652;0.00021699999903842116;0.0003499999982342763;-0.00012299999943020515;-7.699999953868476e-05;0.00038999999884668237;0.0003219999968903828;0.0003379999979125939;0.000590999996447753;5.499999982825736e-05;0.00032399999901147;0.00032099999905539753;9.599999894763773e-05;-0.00018399999941358616;0.0003429999988401541;0.00014799999956568603;0.00013299999962512605;0.0003209999991067121;-2.6999999667507004e-05;0.00017799999753198085;0.0005249999920423637;0.0003269999915115335;0.00022199999692588647;0.00042799998915188245;0.00043099999573284936;-0.0033559999053127502;-0.0010139999844124435;-0.0005189999865466889;-0.0003439999948799635;-0.00044699999327991297;-0.0006379999799433295;-0.00015199999696351827;-0.00022899999241088388;-0.00039999998748829806;-0.0011479999759440801;-0.0025459999108846856
134;9.599999999967499e-05;-0.00039900000003622834;-9.400000000320312e-05;0.00023100000007201317;0.0002530000000744463;0.0004690000000532998;-0.00013900000005575517;9.200000005163968e-05;-0.0004380000001710376;0.0001620000000743123;0.0003540000001839947;0.00041000000021476407;0.00011400000006619558;0.0003930000002430066;0.00035400000020079645;6.80000000349169e-05;0.00025800000014753084;0.00032800000030435;0.00021500000016480043;-0.00031100000022960786;0.00021700000017530187;0.0003500000002977997;-0.00012300000011516093;-7.700000005665177e-05;0.00039000000062630055;0.00032200000020382136;0.00033800000027221533;0.0005910000004927363;5.500000006934514e-05;0.0003240000005190175;0.000321000000519834;9.600000005841986e-05;-0.0001840000002895193;0.0003430000004948569;0.0001480000002406578;0.00013300000022458072;0.0003210000005586192;-2.7000000009326174e-05;0.00017800000008370576;0.0005250000002826095;0.0003270000001183105;0.00022200000010712552;0.00042800000013582234;0.00043100000028657964;-0.0003790000001258929;-0.00043100000018165234;-0.0004190000001029356;-0.00034400000012714115;-0.00053800000017824;-0.0005640000000631687;-0.00015200000004109547;-0.00022900000003794313;-4.7000000000544944e-05;-0.001128000000250809;-0.00037700000005776277
135;9.600000000832021e-05;-0.0003990000000331229;-5.400000000586499e-05;0.0002310000000613574;0.00025300000005641844;0.0004690000000411412;-0.00013900000002186125;9.200000002759876e-05;-0.0004380000000826011;0.00016200000004252271;0.000354000000103949;0.0004100000001195201;0.00011400000002625358;0.0003930000001142597;0.00035400000010538444;6.800000001604e-05;0.00025800000008057507;0.0003280000001482147;0.0002150000000541353;-0.00031100000009302826;0.0002170000000600016;0.00035000000012639694;-0.00012300000006011956;-7.70000000071385e-05;0.00039000000035040134;0.00032199999999504636;0.00033800000010534025;0.0005910000001957948;5.500000004529875e-05;0.00032400000031938565;0.0003210000003150342;9.60000000079028e-05;-0.0001840000001696087;0.000343000000280308;0.00014800000014081644;0.00013300000015462887;0.0003210000003256535;-2.6999999993767077e-05;0.00017799999995512825;0.0005249999998871324;0.0003269999998493127;0.00022199999994311606;0.00042799999979967077;0.00043100000001473;-0.0005069999997392532;-0.0004429999995896166;-0.00040699999979569964;-0.00019599999982907945;-0.0030819999959587545;-0.0004939999996419717;-5.299999996514862e-05;-5.199999996865487e-05;-4.699999996418515e-05;-0.001079999999304766;-0.0001739999998768935
136;9.599999998920993e-05;-0.0003989999999319291;-5.999999994233542e-06;0.00023099999989426224;0.0002529999998847636;0.0004689999999253192;-0.00013899999990407333;9.199999994597255e-05;-0.0004379999996544418;0.0001619999998963278;0.00035399999979364205;0.00040999999978588524;0.00011399999990322358;0.0003929999996617741;0.0003539999997249582;6.799999994978656e-05;0.00025799999979403204;0.0003279999995196538;0.0002149999996270064;-0.0003109999994502554;0.0002169999996637218;0.0003499999994079326;-0.00012299999981323282;-7.699999982710177e-05;0.00038999999978032827;0.00032199999870916924;0.00033799999923065684;0.0005909999986973431;5.499999997371795e-05;0.0003239999998276229;0.00032099999982311247;9.599999955864183e-05;-0.00018399999987469466;0.00034299999971738513;0.0001479999999205395;0.0001329999999713554;0.0003209999998569212;-2.6999999859751343e-05;0.00017799999897251455;0.0005249999966918243;0.00032699999652579235;0.00022199999869537134;0.00042799999604717175;0.0004309999982249428;-0.0033779999597350445;-0.0003589999970649657;-0.0007369999929195029;-0.000235999998008309;-0.003081999970392178;-0.0005399999944554793;-5.29999995610467e-05;-5.199999948735289e-05;-4.699999953644493e-05;-0.0012509999887525892;-5.499999947191064e-05
137;9.599999999679461e-05;-0.0003989999999441993;-6.000000006439803e-06;0.00023099999995079658;0.00025299999994537656;0.00046899999994714673;-0.00013899999992533302;9.199999995938679e-05;-0.00043799999976667803;0.0001619999999494155;0.0003539999998800242;0.00040999999985765433;0.00011399999995276461;0.0003929999997995427;0.0003539999998092001;6.799999996346637e-05;0.00025799999987357675;0.0003279999996614648;0.000214999999757418;-0.0003109999995987607;0.0002169999997791388;0.00034999999957288625;-0.0001229999998499895;-7.699999987288681e-05;0.00038999999992620805;0.0003219999990142837;0.00033799999944325484;0.0005909999990607548;5.499999998653516e-05;0.00032399999994972345;0.00032099999994983114;9.599999966666316e-05;-0.00018399999997195117;0.00034299999986317823;0.000147999999978969;0.00013299999997567395;0.000320999999975313;-2.6999999884475035e-05;0.00017799999918352463;0.000524999997443242;0.00032699999718942616;0.0002219999989935681;0.00042799999684432316;0.00043099999862888087;-0.0034409999663063805;-0.0002419999984555404;-0.0006439999950698298;-0.00023599999842827569;-0.00293799997787582;-0.000559999995359655;-5.299999964833158e-05;-5.199999959273895e-05;-4.6999999624311944e-05;-0.0010719999924969485;-5.4999999582542355e-05
138;9.59999999898472e-05;-0.0003990000000514993;-6.000000002522637e-06;0.00023100000007208004;0.0002530000000912273;0.0004690000000657026;-0.00013900000008169408;9.200000004729736e-05;-0.0004380000002044923;0.00016200000008903146;0.0003540000002064687;0.00041000000023751865;0.00011400000007922475;0.00039300000026454176;0.00035400000024248516;6.800000003157994e-05;0.0002580000001711392;0.00032800000034346067;0.00021500000017783463;-0.0003110000002703066;0.00021700000015654336;0.00035000000031477246;-0.00012300000013043327;-7.700000005703105e-05;0.0003900000006994996;0.00032200000023587666;0.0003380000003072078;0.0005910000005625004;5.50000000896177e-05;0.00032400000055984564;0.0003210000005875837;9.600000006933176e-05;-0.00018400000032103286;0.0003430000005191659;0.00014800000026185542;0.0001330000002296424;0.00032100000060763476;-2.700000001148608e-05;0.00017800000009876918;0.0005250000003160513;0.0003270000001197734;0.00022200000013800308;0.00042800000012535334;0.0004310000003432112;-0.000763000000252531;-0.00040200000021141185;-0.0008320000002331367;-4.60000000200971e-05;-0.00043400000020634485;-0.00045000000007449693;-5.300000003214953e-05;-5.200000000683329e-05;-0.0002330000000382173;-0.0008880000002566196;-0.0002600000000493783
139;9.599999999914888e-05;-0.00039900000007423895;-6.0000000050199265e-06;0.00023100000010573777;0.0002530000001156145;0.00046900000009189607;-0.00013900000008942724;9.20000000577947e-05;-0.0004380000002419026;0.00016200000010718025;0.00035400000025173097;0.00041000000030282053;0.00011400000009525378;0.0003930000003418429;0.00035400000029789624;6.800000004428067e-05;0.00025800000021378367;0.00032800000044802714;0.0002150000002140219;-0.000311000000344663;0.00021700000021848982;0.000350000000406986;-0.00012300000016642187;-7.700000007037894e-05;0.0003900000008473165;0.00032200000032522435;0.00033800000040434624;0.0005910000007250867;5.5000000107961764e-05;0.00032400000070993234;0.0003210000006936187;9.60000001054618e-05;-0.00018400000037299122;0.0003430000006642571;0.00014800000032507782;0.00013300000029015517;0.0003210000007463059;-2.7000000025463686e-05;0.00017800000015816874;0.000525000000473858;0.0003270000002061347;0.00022200000020005325;0.00042800000025643273;0.00043100000044754273;-0.0008250000004571313;-0.00033300000024438244;-0.0006650000003594845;-4.600000003150163e-05;-0.00039800000028758915;-5.200000003328675e-05;-5.3000000037980165e-05;-0.00022900000011669323;-0.00023300000011257824;-0.0007310000004184981;-0.0002600000001273892
140;9.600000000530805e-05;-0.0003990000000611456;-5.999999999750829e-06;0.00023100000009846757;0.00025300000010482476;0.0004690000000910855;-0.0001390000000829083;9.20000000531887e-05;-0.0004380000002185242;0.00016200000009623092;0.0003540000002239157;0.0004100000002640351;0.00011400000008169337;0.0003930000002997805;0.00035400000027402195;6.800000003617161e-05;0.00025800000016238577;0.0003280000003884489;0.00021500000020346758;-0.0003110000003119172;0.0002170000001809212;0.00035000000035669156;-0.00012300000013058162;-7.700000007067482e-05;0.0003900000007523243;0.00032200000028704835;0.0003380000003353985;0.0005910000006204764;5.500000009410795e-05;0.00032400000062587247;0.0003210000006306129;9.600000008806659e-05;-0.0001840000003492627;0.0003430000005798084;0.0001480000002804731;0.0001330000002612958;0.0003210000006503719;-2.700000001282398e-05;0.0001780000001451462;0.0005250000003943508;0.0003270000001645856;0.0002220000001539708;0.00042800000019985364;0.0004310000003800918;-0.0009490000003959559;-0.00033300000018092013;-0.0005170000002323545;-0.0001540000000760056;-0.0005010000002727632;-5.200000002594171e-05;-5.30000000245087e-05;-0.00038900000013039783;-0.00020500000007913326;-0.0007160000003252;-0.0002600000000903484
141;9.600000000073924e-05;-0.0003990000001023846;-5.999999998513789e-06;0.00023100000015635754;0.00025300000017286766;0.0004690000001266286;-0.0001390000001215173;9.200000008505943e-05;-0.0004380000003612158;0.0001620000001646702;0.0003540000003599196;0.00041000000042097493;0.0001140000001194705;0.0003930000004578372;0.00035400000043737966;6.800000008416792e-05;0.00025800000027078473;0.000328000000617941;0.00021500000031635073;-0.00031100000048357577;0.00021700000032067243;0.00035000000058718253;-0.00012300000022922593;-7.700000012881635e-05;0.00039000000112530237;0.0003220000004912284;0.00033800000057767883;0.0005910000010416302;5.500000015270622e-05;0.00032400000092752104;0.00032100000095001334;9.60000001389378e-05;-0.00018400000050188277;0.0003430000008787675;0.00014800000043534592;0.00013300000039348538;0.00032100000098227117;-2.7000000038799312e-05;0.00017800000024092538;0.0005250000007410815;0.00032700000035603864;0.00022200000033076604;0.00042800000049109376;0.0004310000006719596;-0.0008340000008443199;-4.9000000054428086e-05;-0.0004170000004513698;-0.00015400000019456382;-0.00025600000031718794;-5.2000000053738843e-05;-0.00015200000015574421;-0.00022900000025131054;-4.700000005109955e-05;-0.0007680000007559843;-0.00017400000018599594
142;9.600000002237304e-05;-0.0003990000001536377;-6.000000002122768e-06;0.00023100000024118997;0.0002530000002663868;0.000469000000189444;-0.00013900000019267752;-0.00029500000041708386;-0.00043800000057384;0.00016200000025364198;0.00035400000056027127;0.00041000000062599876;0.00011400000021160003;0.0003930000007510447;0.00035400000068340026;6.800000012414497e-05;0.00025800000046629116;0.000328000001024175;0.0002150000005406094;-0.00031100000083729754;0.00021700000057518597;0.0003500000009929572;-0.00012300000039261244;-7.70000002004045e-05;0.00039000000177179077;0.00032200000094271446;0.0003380000010036807;0.0005910000018412053;5.5000000224668884e-05;0.00032400000146698535;0.00032100000148913124;9.600000027644415e-05;-0.0001840000007966578;0.0003430000014512839;0.00014800000067630286;0.0001330000005903967;0.0003210000015421097;-2.700000008266287e-05;0.00017800000053626956;0.000525000001599781;0.0003270000008997234;0.00022200000067429607;0.0004280000011828093;0.0004310000012794792;-0.0005700000014720315;-4.9000000109861866e-05;-0.0004170000010769695;-4.6000000128069586e-05;-0.00025600000068312363;-5.2000000128734205e-05;-5.3000000143181156e-05;-5.2000000128577166e-05;-4.700000012609777e-05;-4.80000001237437e-05;-0.00017400000043045285
143;0.00011099999999976973;-0.0022839999999566796;0.0002550000000058109;0.00023100000003960737;-8.500000003556581e-05;0.00010299999999628294;0.0008040000004020043;-0.0035369999997930677;0.0002210000000818183;5.0000000021629775e-05;0.00045200000019316697;-9.600000001114949e-05;0.00017300000010354914;0.0002710000001657191;0.0003540000002248579;0.0003130000002002207;0.00035900000022363426;-0.00017400000017057002;-0.00012700000010018489;0.0008050000009108801;0.0006370000006048231;0.0002660000002871939;0.00040500000047970555;0.0002370000002375523;9.100000013232434e-05;0.00046100000048845003;0.00033200000034417444;0.0002950000003019235;-0.00041600000050777007;0.0003240000004555488;5.100000006407753e-05;-0.0003830000003585188;0.0003230000004655137;0.0001960000002631635;-0.000721000000817888;0.0007040000011440113;0.00021600000033497886;0.000395000000423965;0.0007500000008742687;0.0001830000001708435;-6.0000000337263305e-06;0.00039100000043995316;0.00042800000034125534;0.00023000000024139914;-0.0006700000004851532;-4.900000004879951e-05;-0.00050700000037864;-4.600000003868504e-05;-5.4000000054751774e-05;-0.00031000000020254626;-5.300000003908457e-05;-0.00018400000012219525;-4.7000000033069634e-05;-4.800000004613692e-05;-5.50000000404545e-05
